10000
3684
1926
4806
6914
6492
4747
5468
7973
9283
3058
2125
6373
1126
548
4808
4823
4967
1935
6044
5936
9931
6015
6273
1865
7904
443
3395
4655
9384
4654
452
3259
4245
5788
5033
1760
6761
8230
1023
8920
752
8086
5026
9556
8976
5334
3052
5034
5919
3044
2008
4296
6702
2500
7166
2495
4753
2271
5802
3647
6391
7089
4964
2213
4700
5118
6886
537
3552
2660
7359
8957
8666
2449
5368
7334
474
1584
4555
3937
2528
345
4415
7979
7987
2032
4133
4283
6148
8701
5050
7191
6325
6311
3074
9808
4515
8449
3185
9241
3540
4726
818
5527
5031
4561
7222
7202
1531
9464
4429
946
2424
6918
4866
9575
7238
4819
5183
8961
5795
8055
6477
8390
3139
1080
3464
5559
4930
1031
6994
3845
5776
8625
3272
8699
9229
6368
2757
2551
6140
2037
5512
2685
7735
8743
2668
7304
3200
4998
9147
2672
6876
9438
7559
807
8422
106
1101
321
7883
9926
5739
3386
7650
4569
2098
3480
6474
9079
3819
9877
8158
5149
4129
2244
4624
6526
2509
2737
2784
3729
1365
6948
1894
9947
161
7951
1640
9677
6581
1341
4764
4825
7597
9733
8437
4556
6107
9738
185
1387
7385
7157
5458
7915
396
9792
3700
4659
4315
5112
8674
5741
1646
6129
4422
968
2829
5171
5567
937
4238
6487
6772
7927
3520
5316
9008
6464
8675
736
4059
1051
5540
2961
953
9887
6701
578
621
7739
6119
7840
3029
2339
7832
2556
896
2933
9594
2741
2259
1722
2553
5800
6739
5699
1139
316
1824
8254
948
9112
1748
791
6114
145
8218
1609
8977
7988
2427
5188
6969
1875
3802
9446
8661
431
195
6737
9340
7422
6339
1803
8724
5160
7963
900
8773
6647
7796
7101
4343
8950
3584
3320
9520
9777
1053
727
3089
8036
8705
2047
9754
5953
6297
6376
8236
7912
4251
9576
5692
5872
3363
5911
4088
3063
8593
8922
8231
7688
8324
4276
6346
9915
9497
1612
4993
4529
6299
8041
8991
9101
3267
5485
1659
1236
1750
7440
4195
5761
1440
5234
8031
6764
6572
6418
1178
4843
9539
3290
2910
6086
3265
6359
1493
4537
4859
8956
1677
9409
6909
6630
4821
9290
2941
7685
6003
7100
5169
125
6952
1067
2494
8865
4577
6278
1498
9565
2379
3894
6998
2400
7541
7152
8521
567
3425
8512
1211
6884
870
4317
4815
4670
8361
2073
1325
3487
2177
1225
1986
3829
7967
8316
7391
4717
2818
4293
4888
5869
3275
3226
8341
3087
4213
8944
8081
4591
1383
1413
9294
3775
7857
5994
7558
4441
9274
1686
3508
9683
8953
7981
5129
2992
6898
7449
7654
5028
3504
3807
2034
2097
1777
5089
3904
5085
9790
4863
9150
1259
2721
7430
3666
9787
5600
227
1509
6878
4644
2161
7881
822
7315
153
2074
7275
3611
6736
2780
9529
1566
9888
8913
5232
2139
6745
8561
4102
4862
5401
5439
6182
5121
4437
3283
6132
5213
5727
5441
5901
8067
995
4648
6741
5771
1295
9141
3142
1183
291
9145
3570
3813
5327
3332
8196
6685
666
650
2964
4388
285
361
1724
92
5876
3515
5173
7145
3220
7207
5658
3652
5632
1992
8205
3969
373
4797
911
2879
5543
4798
8824
5122
6192
6591
6627
9249
2275
9596
2680
9830
4367
1296
9422
6451
7917
3574
3680
7763
1951
9760
7236
1682
514
9330
159
3484
2982
2951
5484
3456
5275
7129
6145
8003
4689
4694
8363
7295
5843
4503
7314
3371
4804
3347
5105
5090
6389
4971
3081
4849
7212
2325
6067
7425
9352
6397
6274
9178
9371
7053
4027
8985
6830
5912
9563
9966
9416
7729
4309
9486
4154
5143
9377
7082
7838
6449
4252
8462
717
6629
4691
4499
9408
3061
8657
4425
2746
6854
9646
9661
5177
8145
175
2148
6823
6673
3518
9718
8481
5592
5215
6987
3254
6399
2986
5101
6652
8566
9481
2378
2191
8472
358
5322
2202
4610
1200
1931
7374
7950
8513
9752
3832
960
965
4041
5353
515
389
9138
9400
939
9388
2242
8710
1085
4501
8585
3167
2337
429
2446
6569
4883
8707
3554
4348
6939
6149
5656
945
8689
6700
4390
9753
7972
9477
86
2306
509
7616
4468
7140
8932
4985
6551
1787
3309
427
3408
4385
3631
4111
6390
3703
2896
4718
543
5077
6030
2436
1348
7324
927
9151
6287
2659
4262
385
5138
1161
2730
9262
6541
5564
8989
490
4525
1005
4084
2435
16
8757
2842
2158
9712
5352
9354
5057
4377
9233
7087
3229
3420
2630
7070
28
3634
9161
6485
7075
3352
3158
2669
2710
9435
7602
7123
354
2033
6908
4021
4393
1212
7894
4908
8098
1463
3279
6111
484
8149
8988
9099
586
2568
1795
3637
5434
8632
2507
9552
9156
655
1443
8411
8007
4523
1490
1939
2911
251
9374
3365
5955
8778
6280
8892
2822
8139
9280
2725
3103
202
3716
2575
4672
4892
9216
9933
3561
1002
5420
4350
3641
1446
8978
7321
8141
8837
1485
9365
4905
5702
4976
8275
9778
3124
8703
3422
6683
9067
5336
6865
1755
9182
8755
4533
7964
593
6205
7921
572
7864
3342
64
6535
9513
5635
7042
8426
8399
6901
7781
3478
8771
325
9086
3323
5162
9310
3437
3287
6867
5610
1070
5587
9507
7680
4206
3696
5447
6135
8485
2681
5590
6342
1285
7163
6711
5246
266
3221
4540
6660
3791
2917
4963
834
2344
5097
3962
7993
5018
6518
4544
9825
478
2595
2485
2576
7249
6654
6307
8302
5139
9833
1783
2860
2241
8812
7199
2536
9818
7462
6537
9969
9515
4139
2506
8268
8350
4563
2777
344
3587
3138
5277
9555
9544
7961
1652
8604
9903
8017
4092
2909
3572
512
7638
1286
5135
5629
6327
8874
8138
2294
1764
7898
380
1884
6409
5780
4687
9945
1786
5723
5889
2029
4737
5487
2851
4121
1615
7322
8732
5464
3728
7352
8599
2929
8377
7720
6881
8911
8217
1056
7615
4070
800
2322
8807
5454
5249
8242
9943
6520
5588
8010
1275
5365
4954
3960
8587
6245
3037
2288
4015
5836
9291
2290
3093
7603
489
4984
6871
6365
3396
3084
8107
8758
7229
1203
7225
8267
1790
1257
2229
8251
3505
3759
8234
7953
6198
1850
1171
2345
3426
6905
4599
7776
8619
2437
3497
2091
2365
7282
1193
7841
2233
8407
6714
1006
5000
6748
4034
7241
747
1800
9805
2238
6638
5479
587
4947
2501
9822
4069
6226
1164
6243
620
1414
690
2075
8616
6828
8884
3147
5274
1033
671
4840
8684
3331
9814
3040
9681
9922
2557
9876
9214
2699
6594
9226
6903
8747
848
7748
4614
3355
8416
3269
4554
9440
2692
3843
1969
5376
6045
210
3218
6735
6584
3151
1008
3506
582
8820
2646
3764
8142
5020
7851
4236
2927
599
9971
7595
982
7806
1220
1045
5238
9924
1207
375
481
2943
3674
9603
7345
6455
8591
8787
8532
8501
4312
3598
9625
9469
6139
3110
236
2377
4398
6863
9872
2235
2797
4980
805
4382
893
254
5631
9333
8928
1026
1852
7916
7713
9266
6072
6319
2768
2627
4369
9821
6853
9308
1583
1619
7930
7423
226
941
1876
8340
9012
8805
4639
6508
6559
6423
9608
973
6366
3281
2054
1152
1392
5168
9645
6624
6120
2412
7808
3533
8232
2650
1620
659
5757
7112
3009
9320
9613
497
7502
453
9452
9687
1745
3233
9373
5132
6631
1469
7629
4234
6519
5740
1166
2519
6747
1190
3412
8645
6400
8468
9958
7732
295
9938
1321
7131
4042
5301
7258
9472
5875
1666
5064
502
4407
8283
4612
2538
9276
4476
3942
410
3799
9439
155
2783
9415
7874
9983
8984
7617
7210
1780
6590
3183
9817
5393
9231
2149
3711
9152
3588
3895
1940
1132
6730
6497
6723
2116
2781
2131
4661
9813
246
7798
9653
8351
3451
6684
3472
6966
7886
7692
4900
850
9146
8389
7513
4668
9020
6172
167
1588
6501
8321
4738
3534
7400
5721
9929
819
5172
9633
7658
4481
6573
4741
4223
8430
2810
6036
105
2802
7299
2682
4436
7115
3880
9853
6810
2897
3805
4560
2803
9574
7398
5555
7479
7919
1420
471
6797
3291
1336
6718
6570
8534
3409
9259
1358
9292
8753
7618
4719
9424
9081
2150
4637
3808
9345
7420
3038
7800
5791
6258
2236
9441
7835
4531
9199
4880
8075
4776
2376
1040
6195
3205
8358
7124
6521
9240
8147
382
1614
3016
1856
5932
3635
9063
7489
4660
9944
9690
6682
4800
4340
2462
4137
6681
2183
168
4571
171
7815
8765
5864
2535
9731
7600
986
1710
6625
914
9993
4047
5236
1586
9935
5725
6731
7007
107
7156
1751
48
8614
3544
6117
7933
3539
680
3820
7201
6661
8679
7290
1874
8714
7292
6301
3031
11
8897
2370
6550
7353
1110
8253
3922
8910
1526
6696
8904
9857
641
1873
6910
6387
4188
1517
9018
733
2773
4889
7000
9743
3382
1416
7846
2594
4622
2948
3743
7633
447
9035
7989
4185
8052
701
9994
9940
8553
5284
8065
5350
6499
6113
4803
2486
253
8899
4871
6585
1763
3329
4341
7205
7106
4712
8314
4265
9116
3512
1065
6436
6971
4431
2152
7488
5370
438
7035
8362
8034
979
7845
8869
6850
6214
2537
7004
2413
2984
1168
1470
1888
7049
6176
6083
7096
8648
859
300
4729
9803
1527
7814
3905
4710
715
3875
1729
5059
7752
8647
7544
6671
4201
6787
498
7338
6932
2227
5262
686
7114
2706
9547
437
2755
881
8545
4358
424
1607
7428
3977
7180
6982
7215
5214
7908
5120
8290
3856
8741
6471
248
6458
9794
7767
7298
8693
740
9179
775
3503
751
7261
8208
8172
3958
7706
9703
5591
2447
5533
2226
8801
839
4899
5907
9823
698
4197
9704
5908
5987
9327
5957
3345
1862
1534
6637
8570
2160
9670
1730
7560
1441
5460
5345
9660
7393
1647
2064
1135
9125
6527
1019
5865
1177
9955
7611
8533
7306
6021
3582
7248
6439
1570
4169
7360
3314
238
5773
1950
6598
1771
5496
4965
5184
9584
8163
651
5088
5900
187
3234
5395
8258
4002
1249
2674
4138
2458
4147
2018
6534
466
8385
5051
8345
864
191
1312
2072
6238
9560
3489
3423
2307
4996
6992
4667
9165
2048
2880
531
1283
9257
1804
647
9992
9699
9727
2591
5163
2211
9964
7190
4867
2516
2994
8628
2811
8383
8654
4861
225
1046
6795
3654
8964
8959
7464
1106
5298
6601
4105
6392
1447
8517
7296
9770
8567
8775
58
7047
421
7794
517
6225
7715
8456
9131
9337
138
9999
4229
7444
100
3152
4962
6206
6986
7448
8469
1834
7852
7055
5642
4079
6804
2963
7160
9082
8836
569
8039
2990
8018
1412
5201
3925
8337
8082
7427
448
9098
2787
9461
8577
9431
1779
356
1429
4302
5095
8421
1153
5530
5752
5536
5665
4601
8124
123
6928
5786
2199
2181
3106
4405
7159
5
8617
7978
6010
9932
333
5562
1597
9476
5305
6483
7674
1857
8062
6915
1967
2279
6051
9530
6118
8030
5273
5990
9244
2687
3823
1373
6228
1007
7556
1599
6644
510
8799
5309
4320
7653
3758
8038
5257
876
2383
7956
3178
847
369
1411
3057
9880
1785
2837
4115
14
866
9758
642
1700
8148
1096
4751
6919
3502
6869
4952
2753
3524
6396
5832
5601
9158
9309
865
401
4757
5141
2925
9963
7436
6955
3097
6081
7817
5528
5682
2121
3731
1854
1879
4127
8364
2003
6506
4828
8651
4588
8209
2939
4016
1179
3707
8183
1902
6662
208
9911
7887
576
873
7545
5065
7906
967
101
2119
6435
6377
3374
6207
5470
8814
439
7804
277
1809
9056
500
4080
7995
3930
7003
8405
94
7512
80
2815
6578
9639
978
8937
3231
8315
1815
7828
4361
4427
5147
3050
5344
2420
8955
3123
1676
4926
3585
5745
7067
1357
337
8907
7710
2059
8413
6074
8255
7607
2069
734
9401
5011
6917
4784
7659
293
5829
3908
9640
2358
5654
4058
4942
985
9796
5580
8395
5794
3243
5982
1685
3953
4699
6006
5289
49
3882
6250
2989
5216
9051
4435
3119
8748
3886
7802
3333
5612
3717
4669
8692
5239
1655
2355
9095
5361
6670
7529
8606
9622
1119
1515
1202
714
2578
9844
5814
7354
1277
3712
9022
7937
6676
6547
9875
21
1093
6699
6580
981
2052
5954
3938
8662
8590
6060
5837
51
3378
3094
9319
6978
4958
9110
971
3301
3649
595
1903
2408
6599
4912
9609
8360
6942
9811
6659
7196
3888
5210
9085
4516
2604
2076
8060
4715
4370
4448
2550
7660
9785
1947
8909
4232
1773
5896
5196
9534
3573
6753
8855
3443
4131
8229
2113
53
7259
1691
6514
5823
5402
9072
4031
9695
4745
2583
1622
3004
1673
6536
4475
3073
7859
7182
7247
346
9245
4773
5781
5431
5251
8090
8653
2343
4850
5664
7088
9532
5713
8819
1223
7554
6071
675
2351
1334
2324
8798
2174
7142
4837
8727
406
1395
4780
299
3414
4674
2070
2245
4500
5756
1608
7481
4446
2028
8151
5624
1714
7270
9763
7759
6155
1484
2363
4412
5930
799
1145
3027
9271
2240
2689
213
9227
5774
2106
5140
8322
606
2816
8712
6523
6101
5166
5083
5970
8070
3870
2585
2092
8330
6784
47
5128
5091
1494
2221
9946
7283
1537
796
6991
8588
1781
6962
5493
4856
4214
4164
7176
4945
3053
7592
7568
9205
9812
2633
9675
6146
5593
5537
4939
9367
5903
3893
367
7596
1565
2477
3085
6064
5253
5641
6605
5732
2904
7696
8867
7725
1505
6775
1653
1837
4224
1012
2419
2310
6874
2489
5313
416
3645
3516
1511
5709
9685
6912
5417
8046
5755
5349
5804
1814
783
3108
1134
9537
9375
6713
332
309
4200
2333
1774
3318
5661
9418
9928
9341
4444
5144
6866
7578
6859
6158
4383
9604
3471
5941
2071
5726
5532
2285
4814
1355
6592
7197
9318
8762
1632
2053
777
637
3786
5984
6653
6171
8204
1513
8531
9005
4690
5040
3857
1486
3891
8564
9448
9123
4155
2089
4755
7167
6558
3389
7746
260
8906
9779
3860
9841
1310
7040
8555
4510
8423
3293
7475
562
9934
3042
1689
8083
6372
5728
2853
8829
7970
2729
2002
513
7155
7273
8171
4987
3629
7179
4594
4969
7730
4175
9176
5697
5838
3496
5367
2292
5072
7351
7945
8074
2137
7495
6055
462
3230
4409
6929
3739
8026
335
4890
5797
9921
7135
2187
556
9015
757
9193
7062
2170
1502
6277
5981
2255
1678
3689
7610
9538
584
5952
2560
8620
4711
3307
9068
7761
9090
3271
9800
1572
6260
4246
4839
7446
6122
17
3452
1338
9826
1512
1271
2752
7286
6516
4740
2123
1975
8722
12
1866
3769
4258
4211
6302
7718
2055
8502
5715
8051
3837
8008
8767
6437
7452
540
3623
9522
6897
6857
4848
4051
2789
3403
9894
9554
1112
5211
2407
8576
1228
9404
9986
370
8179
4325
4411
9713
9453
8877
2385
6860
9117
9746
1604
649
5076
6087
3483
6788
4709
3622
2526
669
7091
6790
1611
7533
5412
3830
4951
4496
5648
9827
990
7494
109
9597
9780
1846
4678
6188
73
4495
9413
296
5899
7779
8519
4733
2615
3979
3377
3490
5111
6255
6357
1217
4077
925
4196
1378
4019
2215
232
5769
355
1130
2197
3465
442
4143
9611
8001
1949
9133
5935
2185
699
3095
1407
6825
4477
905
6234
9553
4068
7690
2433
7300
1848
4433
840
5968
1108
8528
7349
3957
2195
3841
6961
8223
3785
716
1079
488
7652
7050
5683
1596
7319
5359
7534
4936
5937
9394
1305
7127
3099
2007
7901
728
117
428
5003
9579
9540
7337
1239
8687
4389
1029
4574
2395
4593
8436
5572
371
249
862
4462
718
1573
8650
3180
4625
6709
9489
7526
9711
1864
7693
1100
8876
8713
9347
774
3521
6752
2225
6904
8442
1359
4466
7161
4271
8663
6236
98
8642
6313
4727
2464
4182
7336
7555
7932
2622
7751
3810
7358
5041
3388
838
6921
6782
30
9132
451
3238
7971
3148
8563
4767
4785
8886
9730
485
9942
7077
2920
5650
8795
2707
9041
432
8161
8609
8087
9490
6619
857
7203
3833
8045
4330
1238
3955
268
7582
8740
700
9251
6076
5541
3752
5306
6727
3704
533
8723
8739
5666
4830
687
7463
8618
2068
2916
1907
1623
9680
6729
2514
6907
9140
6318
1073
4146
1174
289
6106
6374
7518
1362
24
3601
9202
1711
7388
4465
3982
750
5577
9842
9189
3492
9719
4090
9455
6427
8159
9985
9260
8890
1344
3744
2679
5443
5998
2884
4335
5634
6166
9061
1544
8871
9298
262
7888
9506
9654
6364
5256
2954
5356
2481
9410
4074
8311
9930
6615
8319
2303
1268
8550
7389
5744
8538
3726
802
2286
4868
2641
124
3155
3592
75
3915
4494
2584
6972
5411
7116
4024
4186
163
3661
7483
5123
9902
3526
298
9159
426
114
9669
7727
9458
397
581
6755
6648
3911
377
2676
8293
8754
9312
3667
4891
6413
3825
996
4171
5871
3933
4844
7244
4328
6212
6130
7778
1721
2418
2596
7855
8096
4083
1962
3357
8875
9774
6069
3580
9403
1376
9782
381
7023
1929
5689
7021
8286
4907
2353
4085
9297
879
3362
1456
2979
9773
1366
2870
2835
7561
4270
8967
4831
5793
1317
1528
3188
5950
6338
9299
3536
3866
3590
3581
3973
1766
7165
6239
7976
6577
5625
4925
2405
9269
4744
5151
2832
9568
816
2124
1396
3311
5413
7484
6089
6767
3304
7063
224
8372
378
1255
9263
9820
7573
8213
5687
1352
9734
8557
1805
5029
5712
4473
6453
5575
7034
3873
3327
1762
2207
3473
2914
1735
7584
4249
6812
5616
4308
6743
8549
3762
930
6893
1813
4194
5194
3068
8659
3264
4573
4664
2824
8327
6294
8804
6553
8256
8887
9471
6316
4570
9302
8594
6958
4977
230
8729
7455
4053
966
712
7701
5227
4966
5448
5808
5268
25
5705
4170
3047
5036
9557
3889
2907
4384
9564
811
4054
6488
1452
9810
3961
3213
2171
9025
9620
8089
1423
9512
920
8228
7564
2638
1172
9270
2611
200
1265
2970
755
5958
793
1057
6419
1521
5651
608
5270
2957
6350
5621
5472
557
5291
2193
9427
9148
2960
2159
7936
9866
1327
8012
6815
9154
6303
7947
1116
3987
2041
3650
6976
737
2653
6414
4929
6646
5328
217
3530
3134
5719
7641
6408
1754
2569
7401
7931
5509
4237
4605
8858
8655
7606
8518
579
7128
4595
5980
4050
591
5226
6349
3121
3571
4810
9672
2498
5879
2995
5847
3461
2465
6165
317
4931
3210
2455
7499
7747
3760
3393
5326
5167
4748
7460
6504
2893
6655
9253
1863
9209
2981
8636
1880
172
9235
1004
9293
2347
559
3846
3466
5548
4280
19
1281
9483
34
2040
3617
65
756
36
2438
196
1998
6575
2852
3550
2298
7245
2844
5331
9709
496
574
538
6102
3727
3738
2716
872
4056
6275
3770
7474
7764
4272
7999
5842
2301
5178
8448
6746
3984
9076
7745
9807
804
4260
5404
1129
5817
3663
1535
6621
6824
9289
9207
5898
2874
3216
6415
8156
4633
9910
9102
6798
3416
9502
8478
5429
6622
1945
1726
412
4023
2950
9382
6938
2155
1483
9846
1111
3248
188
8127
3255
5440
7909
8930
9961
3499
7333
348
9311
1124
3771
4901
7957
330
4089
9321
6244
1335
5660
492
3736
1462
8122
1871
9815
8514
8622
1331
3693
8515
9510
4028
4103
1182
7397
856
7028
2153
8881
6645
2923
1010
1194
3553
3475
1916
766
310
4552
5390
6608
4372
6528
39
5340
4484
362
8492
6235
9919
2567
781
5442
2154
4547
6204
7194
8842
5861
2361
1137
7461
5513
9305
5569
2267
4311
7457
3705
1720
8843
732
6197
7837
4226
7030
1410
3776
8068
3986
465
9198
5150
4203
3547
5854
4793
2388
1898
8951
4375
1782
7786
2020
7090
7836
1162
2602
3434
5667
2663
8559
3157
3172
1221
2253
7510
4557
4893
3247
4187
2582
3945
3804
722
8986
6845
9769
741
7830
6257
3510
6291
2505
3522
8573
7301
2686
1561
487
8073
5476
5551
343
4910
7044
4360
5245
3215
7373
2223
9851
1107
646
2782
6109
1963
9258
7496
4345
3127
7639
6317
600
2329
1457
8227
454
2644
6813
1923
9175
2330
383
6963
5868
2580
2005
3981
4960
5290
8496
916
9684
7417
3980
8486
7619
5825
4703
8924
4511
1642
2421
7726
2022
1695
5522
9492
9696
4876
8047
9729
3082
9225
723
5751
1269
9166
1918
1767
6065
7074
2442
9237
1742
3399
7064
3317
4438
7666
8473
8435
4352
463
6822
4946
2590
3912
1442
7811
4052
521
3800
1208
3884
1925
192
6253
6651
9516
3498
5508
6128
6416
6426
6933
8428
4920
255
8475
5202
7694
5928
360
6022
4153
1844
5445
1628
6674
644
9115
809
4362
2987
4723
7456
4832
7880
1644
7185
3219
9024
7170
9832
3088
8458
6563
4938
7381
6100
6183
2708
6642
4140
4772
571
7181
6407
9039
6304
1858
3640
634
301
9190
1017
2918
8949
8600
302
6789
952
6005
4504
4935
8756
9797
3887
7664
6432
7151
658
8188
2263
364
7369
3931
4313
7066
3600
3495
2084
441
8150
8235
6189
1261
1377
5914
294
6695
2167
3896
306
9045
4657
7609
5282
8294
9723
9186
405
7470
3883
8720
9093
589
8498
7504
970
9180
5607
9037
1307
7994
7536
4539
9224
6807
7974
1744
8900
3824
2487
8410
3428
3936
8203
771
6734
9707
5329
3620
4545
95
9972
284
2291
1938
961
8273
2352
1081
2189
6252
5426
1746
8320
7591
7784
4708
7136
3719
3350
529
4062
3523
836
6931
4022
3699
6765
9360
3021
4730
2767
9819
4518
2348
5243
3850
2009
9765
7120
46
5392
2138
9097
7646
5785
6861
9111
2043
1672
6263
9982
3397
3774
6341
4782
5979
3125
2061
6056
9720
6740
2219
8155
2886
7810
4305
1147
1064
207
2038
9107
993
3441
1756
9809
1976
8347
4410
8488
7486
6899
3757
5280
8103
4857
8779
4558
1323
2823
7005
4932
8043
8429
18
8140
3576
3722
924
4364
2311
5615
5382
6728
2919
1933
7896
5578
7738
434
8968
4716
7711
4512
7105
3182
6203
4005
8852
5571
6361
1506
6582
8946
2036
3777
1426
52
9219
1431
7744
3901
9356
430
8629
5643
3201
6470
26
4663
542
5456
9829
6217
9119
2278
9742
5801
6600
5840
9740
8882
5579
6593
288
4813
4443
2719
3990
867
3404
3435
3055
9106
3869
6472
4404
3619
5594
1165
8144
2643
7825
2297
1384
2558
3239
4978
61
3199
9852
2833
4874
6509
7910
8249
4854
3733
7434
5499
5082
2856
5754
392
8746
3753
9975
7525
9987
6343
6308
4289
1121
9651
2090
436
2391
2515
2188
4416
1254
7032
43
6126
3657
6694
5887
2210
8997
692
1776
3646
4424
6924
1816
5696
6104
9078
4032
1284
726
6872
2402
2079
6323
2212
6181
3742
8238
2997
1382
2572
2268
2579
603
6467
8850
3748
1444
1516
1953
8164
2404
6984
685
8791
7743
7642
8731
9906
203
7326
4208
2426
5729
5385
1519
9232
2523
7026
1389
2661
9204
6838
8064
2715
7920
3449
4248
4507
5486
1964
6028
9725
7631
2838
5070
880
118
2258
2593
9265
5767
4613
8014
5573
9414
279
2589
422
5407
2101
6610
4450
2252
3545
2801
8301
660
9456
386
9997
5685
2114
8665
8535
3608
3740
5922
8558
7714
1757
8206
7195
1329
8391
8216
4514
2017
3209
604
8056
1927
342
4215
688
2875
7471
8497
3418
1292
5652
8248
8726
2315
4878
8109
3149
5680
7285
3252
3076
3370
9722
7952
1021
1859
503
2947
5695
9658
4542
3432
2790
402
7844
5717
7476
5681
3406
2748
4788
3593
8221
9542
1069
2932
4254
4349
8806
3453
2415
7563
1518
5394
2845
8987
8686
135
1049
5459
8611
9104
2460
3276
5718
8706
9593
5219
903
3245
894
2496
4706
2512
8467
7765
4261
1737
7392
6460
7621
3797
7097
2976
2082
308
3214
5867
9462
7134
5436
814
2366
5179
6937
1381
201
9034
746
9605
1264
142
9652
575
1343
1636
129
8212
3030
1826
7870
9398
1059
6095
4896
205
3126
33
2758
6953
6583
1417
3335
1314
9206
5884
1896
7865
4579
4076
374
8106
1245
5304
9042
9896
2300
4580
9295
969
6496
5046
5342
825
7052
4123
9755
3413
491
2827
1549
1430
6154
4106
7126
4463
1468
6503
7491
7174
3041
8224
9551
1230
1347
2222
721
83
8971
368
5191
4997
635
9468
4991
9870
7515
178
9504
9892
6210
5325
4306
2713
6077
2819
5240
6665
3517
9845
5862
2967
9053
1253
7480
186
5374
891
4787
8058
3500
3671
2364
767
6194
5516
8027
9392
6934
7404
8696
6785
9286
4029
8774
1551
3086
2820
9172
702
8376
1752
7230
2372
9591
7897
7138
1961
7792
1180
9143
6285
2795
9939
9105
7237
57
2432
9806
9657
645
8640
5068
3196
9162
2100
7873
190
9728
2931
6803
4336
9362
9007
9913
1433
6175
3373
6502
267
1024
2146
2647
2058
8080
7149
3035
215
2332
5161
677
2200
1959
1968
4043
4086
9855
1801
1127
6091
7046
6763
4897
3436
6078
1616
1419
6443
9174
3648
6202
628
9363
1770
2331
7878
6156
9858
3638
3486
861
5180
1893
2620
7668
2642
3996
7524
6806
1499
5320
5263
3557
729
4953
4430
3411
508
269
387
6272
1391
8821
8114
394
4204
3132
2769
3424
632
8908
1158
4397
2621
499
7113
9873
9381
3766
7342
6196
8704
7966
7038
8974
1408
8980
3330
1237
8353
505
2186
3202
242
4509
1983
2865
5397
3793
3018
6213
7147
4374
2206
7394
5187
115
768
3730
5988
77
6981
8694
7742
5007
9837
9192
3268
5561
5856
9228
9342
5520
7164
833
3529
3012
1772
928
1587
4794
527
5250
1163
7585
8332
1882
1942
4141
7991
2548
9886
6322
2530
6722
5706
9355
3673
7419
6586
1687
7866
1952
8025
2709
8833
9089
9977
3928
9281
4011
4247
3983
9031
6944
5176
7172
3876
2102
4174
2900
5710
6098
8669
7965
9383
6892
1082
4464
1679
2901
4546
5203
2651
5647
5491
6990
9350
4299
547
3310
8339
6033
275
1789
265
3463
7520
1523
6900
9211
494
6842
8603
3197
9065
8863
2763
6160
1076
1266
9891
2565
4101
845
2490
5030
5582
6475
5235
5389
8868
2926
629
3072
3292
5372
2299
1274
4834
2712
9973
322
7061
9307
3107
9667
4120
4227
6913
1488
1368
1497
3998
8105
9482
2362
280
8042
44
5803
7141
5633
1097
511
339
4440
2105
612
6017
1703
626
5098
5949
8291
1361
6043
5332
7959
4565
1489
3993
3948
5873
2396
4630
6385
2704
2791
5545
6858
9737
5931
1176
1291
6088
3812
8344
1394
4221
4386
2067
2574
5824
4682
2698
9595
8002
5078
9044
8759
6906
9839
4250
2902
5259
5886
8896
9859
7787
6816
5410
304
6826
7895
8963
1482
1298
5883
5515
1851
5198
4048
274
8763
8673
1669
6097
8009
1547
4988
9996
7382
7695
8173
4035
4257
4216
286
1415
5720
3788
3851
3756
2389
5032
6137
3092
7065
4198
6977
3721
1904
9702
2056
2401
9650
6446
5556
8189
9129
4149
8260
6433
4012
3477
8307
975
5299
907
763
7376
3112
3682
3025
6667
6222
6292
7853
4532
1125
9277
4342
3474
738
1601
8941
5945
6974
7045
4824
2586
4795
1374
1458
3368
4493
5369
7918
7946
5749
8578
8610
8004
4417
6656
9064
2554
794
6405
8403
8226
9128
2409
4399
3513
180
5185
9491
2162
1055
3367
3907
6442
1098
2081
9756
1437
2942
3949
1144
1860
2078
5704
5483
1954
8375
9527
6052
2115
2246
4266
3783
5047
1233
4852
947
4290
3615
8279
8048
8793
5010
5807
9417
2184
3636
3162
1050
1680
1849
5399
4898
4373
9549
2836
4621
5962
1598
3685
89
4491
4950
4485
1243
5310
2868
8568
2953
3706
670
6950
623
1909
9761
7439
5265
754
1169
3668
7842
1018
9074
3033
5419
9518
6262
5526
4278
2736
9736
6121
1704
5611
1276
1675
9358
8597
5206
2983
918
4126
5857
3444
7418
4279
1581
6406
3790
7016
1041
664
7143
6378
4590
8490
2128
423
2887
9032
9545
6115
3531
5038
6814
3286
8802
8225
9428
3328
1568
3140
5433
6232
4662
9094
7395
5074
6524
473
984
2262
3144
6555
3398
8880
7637
78
5115
7907
2786
2443
4207
1273
5618
8891
5848
4281
4549
4346
4829
7740
2847
2304
3941
8417
8093
2276
5606
7712
8768
2656
4589
7482
4357
9213
2871
1833
2231
1806
6733
5686
9480
7346
7119
1300
8272
1308
4626
1747
6641
2635
3586
3956
949
6079
2881
3906
8725
5287
5380
9170
4222
2883
197
4063
7260
3639
5338
3890
3527
6161
3718
2694
7928
2825
7219
3746
1105
6632
962
1705
4128
6356
8658
4327
4159
3326
9700
2317
5707
2247
8503
3881
379
9000
6560
602
8284
789
8168
8134
8834
6947
4817
4641
5343
5200
8277
5035
3555
2760
4065
8835
837
5735
234
3349
7782
2178
263
400
4770
450
9881
6441
5255
5323
8181
7819
5677
6424
3768
5073
4472
9523
9804
5595
4114
4136
9113
9882
4177
1313
3591
5119
8504
3577
1811
1674
1749
8878
7375
134
9243
7378
4567
4046
1569
2859
5266
6757
6839
8681
8035
4944
665
9134
6688
7177
7192
6363
6698
552
9914
8349
2224
3914
2634
1028
5279
4506
8536
6174
7801
855
9284
8431
7051
7721
2969
7171
6230
7673
2794
4968
8601
1460
2993
7708
890
1832
2754
4858
4180
7863
3315
6429
3193
6190
2573
352
7686
7019
4692
2440
8104
2284
4460
6247
9013
2766
4562
4928
3391
9387
8847
472
1812
336
6027
5604
3772
7522
1141
4972
4453
9395
8409
250
3872
9950
3691
5818
2499
9057
5137
8752
1712
5596
8574
5608
7942
3338
4104
7929
5765
875
8452
7305
3838
1143
1683
2718
9058
3514
7575
5113
1984
4108
6324
7220
6596
2359
3339
2908
5833
4067
4007
7343
3098
6187
1402
7213
5497
9121
2991
7020
3607
5055
9799
258
395
3519
5381
9607
901
9264
3975
467
9525
2373
5079
3011
6332
6268
7599
6888
3511
3450
5467
1401
8523
6476
3827
9169
7361
994
5358
9088
2764
329
6020
9459
7675
4583
761
479
6678
6703
7503
470
4122
6692
7443
6626
261
7408
9981
6677
1719
2996
7604
1393
5037
9348
7954
2472
3569
3677
493
7756
20
7243
4845
8626
1579
561
5248
1996
7676
1633
4760
5790
9615
1035
6920
560
5292
23
2913
4587
9451
2444
3358
6587
7279
3278
5409
5133
2705
3959
1066
9239
68
2397
4915
2834
6220
8282
3344
3430
8044
6490
9336
1836
3066
315
2266
1445
1564
6249
5603
3274
2502
9191
7992
5961
931
9706
4314
7869
9317
8128
7144
7507
4982
4259
3676
9917
108
2614
5039
4148
2697
359
4434
2318
5992
3747
9566
2237
5762
2648
121
3692
2675
4956
8912
9126
3051
2260
9895
933
884
8770
2828
6164
2004
464
9776
8943
6760
3143
6153
2066
639
9385
858
5134
5222
2135
1563
8728
1900
8540
5015
1495
3950
7280
6466
9634
9569
2877
6281
5663
7313
9096
1003
1532
5584
4955
8664
1504
3972
8191
6895
5799
5107
1651
4157
3562
2756
9588
6276
7366
817
2144
6512
2203
8063
3720
5977
1157
656
3546
1769
4391
2295
2805
8342
5066
6041
5347
4098
6776
2673
4538
5269
6215
2722
1991
4482
7985
8432
6305
2962
7705
1847
3096
3111
2179
749
3613
5080
5061
1036
6133
1696
8300
2788
4107
9195
7789
1471
2549
8660
1201
8100
9904
1606
1920
6270
1078
9454
1989
445
4957
9617
5319
9714
7153
7862
1966
8738
4239
2166
4598
7057
5303
1231
7383
7528
3262
3481
8289
4541
3173
6829
6336
5474
3225
9332
8240
276
9948
5008
3308
5894
8939
7589
6039
3863
525
956
3609
5341
4811
2693
9648
2749
539
5787
9288
165
3306
3168
4033
3734
9421
5560
6941
9766
5100
7200
7022
8384
6568
5905
2857
1840
1985
583
3045
5673
2895
3361
8719
4452
7111
6026
2540
6993
4008
62
8463
2095
7753
3507
1545
6779
1058
7178
7442
6388
8637
7083
7240
4321
5991
4864
7983
8373
1932
9136
3116
801
5330
4775
1725
7079
2293
1091
2826
1828
6084
2471
7703
5272
5993
6552
4376
7905
4442
6370
8402
9390
9885
6738
8832
7542
3826
2511
3427
897
3589
7820
9220
7506
5164
6669
2168
2559
1213
5267
2955
9990
7328
365
1052
9304
6956
3468
1765
611
5013
8717
1718
7438
6094
5452
4158
8556
2598
9247
270
399
3947
8434
3429
5662
3724
4642
5427
563
6237
2251
444
2761
964
8317
4319
9124
3019
7411
3446
3241
8006
5450
5152
7084
4428
6000
179
4833
4749
769
3885
1625
2164
7567
835
1216
2314
3166
1533
668
418
8962
6013
3380
5737
934
4919
1030
5812
2122
2384
3902
1131
3060
605
7357
1892
1665
6038
1740
3179
9002
6367
6337
7540
6687
9004
9006
9050
9879
1240
940
4071
6544
3596
6530
4914
8368
5669
5247
9726
2747
3965
7757
9040
6369
7117
456
3784
4152
673
3211
9835
7187
8668
4677
4619
7189
6633
9215
8860
3653
883
8975
9649
6513
8633
7683
693
2775
1957
8527
4746
1654
2302
3773
9325
2898
6561
3046
5398
1868
9397
9586
9060
832
1629
9998
3008
5092
9937
1251
164
6152
1204
2099
7648
7623
4650
9100
2655
5782
9636
8011
7158
1205
1054
8530
6340
7911
483
2468
6819
1881
6666
4286
7677
7902
9436
7593
9357
842
5435
3595
5421
7812
350
1906
2905
2136
2840
923
9663
8021
9046
1301
7517
8387
6704
4274
3910
5653
2208
8198
6818
6902
4990
9135
341
7843
5488
2637
7122
5114
7316
4235
2841
3951
5691
4629
2459
617
4986
5186
1522
5109
5174
9505
3260
8054
9368
2744
9889
3672
8973
4100
6211
6168
566
7923
1758
7048
4387
8569
8367
5626
15
4820
9546
8810
3181
5951
7024
6383
1934
1318
7546
411
7760
7572
7824
5283
4378
3282
2662
7557
8575
5444
4704
8357
878
176
8246
70
9083
4697
8239
4118
9196
1142
7312
4132
6542
4365
7805
1013
2804
631
9071
3159
8969
6246
9705
926
1062
1185
4684
1908
8200
82
1063
7118
2739
4916
5878
1425
8607
8735
6310
8630
2250
5973
5281
3022
7498
6979
6420
1159
4363
116
8803
7015
4948
7632
4061
6
6809
8154
2051
1473
7704
4721
7943
4818
3390
5822
9426
6012
3817
6719
9366
7262
460
3376
5314
3556
999
5815
8297
6848
7975
9499
6769
4255
7132
6295
5760
2711
676
3433
1589
4292
5789
803
2010
1684
7085
6223
3789
8643
1
8366
5170
1631
5846
5058
6314
7204
613
7012
1639
7749
6070
9874
4039
7060
6801
7039
6398
4165
3970
9638
2062
5753
2562
3249
9173
6200
820
1543
4701
3246
3659
6960
1541
5909
1175
1658
7086
2636
6438
340
6603
8615
7948
6515
1999
6358
5237
7535
1280
8825
3917
3633
3421
2723
9673
5403
522
5920
3643
3604
518
1150
8936
4025
7216
852
1905
3697
2624
7770
6298
2470
8299
8441
2039
7073
7505
6066
3828
8749
8250
2375
3015
5288
4909
4713
1701
4179
5400
3853
3897
7737
211
3321
1637
6923
731
7441
6379
7655
9001
5519
6566
6851
1302
3120
9751
7569
3136
8848
7848
9619
9478
9936
8870
8292
9632
5086
9118
8480
173
9717
6092
5294
8157
2482
8838
2169
1349
1595
7775
7368
9361
6706
8482
6061
2467
1087
1618
6347
7627
6159
4423
4331
6959
4937
8935
6607
3102
1562
9389
9953
624
8201
4351
3153
3798
1717
8638
2915
9372
326
9764
2399
4851
1009
3034
3854
3442
8866
9346
6011
476
5703
5915
4439
8605
7485
6832
4801
5285
5016
596
6613
9500
8551
7944
38
2727
120
5570
5048
5888
709
1503
3145
5260
8243
3128
662
7232
3135
6157
7465
1311
8711
8059
8572
7847
1399
2817
7876
7924
209
3150
3369
9331
5819
3385
797
8861
9393
3010
5475
5414
4887
1192
6879
6639
9203
305
6221
455
8948
7702
3360
8542
4145
2257
2944
5811
5199
983
4057
4287
2872
9434
7997
7968
6481
5674
8525
9023
788
6820
7762
7347
3440
5678
4653
8298
4911
2216
9912
719
935
7612
1911
5208
3192
4603
8595
958
1487
9956
3683
8222
2453
9959
6059
4763
5451
6751
4456
8888
5300
5346
6266
7071
6873
9847
6533
6783
753
5646
1662
334
2141
8544
3000
9108
9256
461
4231
1372
1297
5809
1235
9463
4355
5388
3822
2508
5384
6037
7206
2209
7223
37
3605
3794
42
3295
3542
4698
3732
5056
536
8343
6564
8776
6805
4094
9691
8401
2085
2862
5478
6668
9868
7549
32
8013
9590
8464
5465
2142
8786
3842
7955
8066
3670
5471
8165
4461
2328
3065
4228
2605
4264
8895
1148
654
5477
8305
7788
1520
9905
1741
7264
7133
132
7365
8393
5965
5295
7665
6852
318
6597
2597
1293
2600
877
8846
5348
5638
7102
8022
9508
6885
4959
311
4218
104
3625
3203
2975
3867
5379
8091
8646
6606
4044
282
3337
2740
13
1224
7877
8278
3551
2392
1226
8966
3075
5311
3796
6352
7226
3964
5731
8554
2127
2619
7579
3792
160
4037
7293
2469
8800
8721
1914
7235
8438
1981
3871
4454
1590
177
938
9624
1825
8683
9856
2561
5748
3782
2570
6951
6008
1370
2156
9984
9697
3741
1103
7344
4675
5714
9644
8460
7571
3392
6717
6721
1797
2316
2547
7669
6331
3921
1451
4884
4040
7587
7548
1449
3578
9084
2063
6002
4212
5670
8328
9069
9612
5581
5241
3372
9735
4658
6889
663
7256
5193
6142
7341
9027
7823
3322
4162
3457
8522
2839
6968
1016
4728
3713
9788
954
4013
2476
4087
9155
8742
6394
7453
7914
4812
9049
744
8526
7691
9801
3169
5205
1120
133
6402
8425
7643
7291
5891
653
795
9550
8783
4338
7246
827
3537
4989
4304
9957
6267
4339
5538
8382
4879
1600
2026
6882
1356
6712
8244
8509
7577
8827
9979
5518
7493
4705
5806
6123
8016
7925
1761
8541
2483
2024
8184
366
3077
910
8245
3583
1146
3212
1282
328
8476
6108
1260
6288
8132
3939
9234
3952
4353
5860
618
7826
8329
8135
3681
55
2691
2406
1802
6348
3918
4635
8214
1995
7209
3737
6231
235
2998
3470
8548
7173
7661
482
1823
1345
4894
7807
9194
5939
4134
720
5517
4981
273
2234
772
9786
7059
3312
638
1571
3459
3926
9329
9642
1154
1246
9960
8130
6124
5446
4943
8169
2750
3563
8826
7741
9475
7500
3723
2695
3932
7409
9843
4576
2360
6946
4607
1181
2517
6380
287
2387
5045
136
8539
6612
6315
7068
9795
7454
8174
4680
8439
725
9091
1258
5535
3161
9250
3062
6216
9457
2807
3485
6967
8938
5620
2030
6177
166
2772
5212
5228
6774
7958
950
5547
4142
9678
5605
4758
4066
6099
9163
9120
1047
6096
7576
417
4949
6241
6808
9535
4927
4836
419
4447
8983
2609
8598
9562
895
7168
2806
8281
3509
2670
5858
2110
8809
6930
9666
5286
1702
8369
9425
888
1886
616
4220
959
863
9353
1793
8071
8845
5933
1315
5816
2107
8120
3814
3184
760
4652
6173
2799
1634
7598
4
9030
1290
5849
4651
3565
7403
1891
6478
3364
2319
9200
408
7768
5469
2390
8709
7899
860
6762
9411
2368
3491
9831
6309
3976
4381
7317
7684
9055
1288
2612
4001
3916
9326
4189
1944
4334
169
8111
5511
8024
9610
6614
3944
2735
66
7125
8817
1617
8152
7982
3879
8265
9059
8146
4527
5820
4307
8335
5022
1184
7656
1390
5974
198
7657
4881
6411
8792
130
5221
8336
5617
3968
6227
9630
9967
4979
5495
7323
7054
1728
5148
9432
8608
5722
5053
5525
8990
292
3494
2165
2338
8927
5271
3597
6320
9616
3273
9184
2428
6355
5371
3780
9210
5189
3079
9171
6428
9828
4816
5763
3240
4519
2450
7371
7303
8440
9865
3351
4904
5507
7218
7645
5893
8596
4602
9073
8667
9142
6179
2254
3913
874
9033
9962
7387
2985
2778
2587
5743
9473
7413
3564
2220
8108
8744
6602
4645
5406
6945
2320
6116
4566
5019
5023
7367
9757
4666
6494
2083
9335
681
2475
9208
674
3858
2571
6579
9359
3277
6264
6658
152
1450
9548
1558
9130
8790
5708
2885
3892
2452
56
8546
4616
2603
7892
8270
6032
4921
5913
707
2866
4707
63
9369
6162
9864
8751
2323
8516
1798
9989
5746
695
1582
4018
5766
4455
4995
8562
2077
3803
5276
6750
2313
8326
7797
6532
9682
1403
3801
998
4497
1994
5675
314
6075
8484
4873
9893
7451
9157
413
9970
2610
899
6833
388
5156
9026
143
8823
87
705
1921
8466
41
5863
3313
2776
3839
7271
7041
6980
3154
9066
1001
8857
7885
7601
3006
9087
8602
4395
689
9017
1827
4992
5882
1808
4199
468
3999
786
9268
4702
4144
1386
7001
4371
5181
6604
1941
7634
2386
3447
810
1022
2759
4846
1406
4081
9692
504
4275
9589
9951
8160
3560
9248
3163
156
6742
5504
976
2973
5975
2912
9466
7766
4765
2779
2864
6290
9396
609
2157
6360
7769
6134
2974
6997
6836
622
1664
5546
8918
3806
3043
4014
1791
9577
8408
1627
5828
5942
1688
1086
1698
8118
601
8470
2045
8925
3460
8303
8396
6500
113
9201
6007
8020
5614
2888
2049
6562
3525
9386
1668
6180
1027
3678
1831
1250
141
815
2965
3217
1210
193
7594
8979
5418
6265
8995
8613
7335
7431
6792
2518
4769
1501
6726
9238
5784
4420
7624
7390
1930
742
8110
6965
403
9976
241
3305
3071
2968
1538
534
1263
2461
3714
4799
4941
1099
1241
8444
8691
7098
1467
237
5813
3454
684
5204
9744
189
1546
5892
8972
7636
1214
2163
5866
2094
7716
2256
8040
997
3294
7211
404
154
7013
1878
7590
2296
8902
6618
5659
2321
4693
2831
2890
8903
6110
2664
6335
6186
8736
6401
6926
4508
6199
6482
8851
2341
8167
391
3206
7006
6628
6300
8916
1072
2182
8264
7803
2147
6233
5335
9567
8716
5505
319
5529
9021
9715
657
184
2046
2618
2021
151
2796
8580
9897
7750
8816
3821
2488
9080
6450
4445
8287
7516
7414
2422
4469
458
9038
8247
6454
4789
2042
3431
7228
743
2899
4403
4791
4479
1943
3967
3943
1350
708
1915
3627
8454
3621
8119
6031
4474
5583
619
7399
9628
1428
9606
9601
4681
8331
9278
4006
7287
3861
1227
942
9137
4459
1693
2606
696
8919
9167
6588
5711
5230
1869
60
691
3343
54
4256
5366
5698
7033
2930
7780
3289
4400
9676
2013
8700
5944
7868
885
3763
1123
8592
4478
5558
4643
4009
7467
7608
9840
5116
7297
7193
7104
2701
849
1956
6771
3909
5364
7107
9867
8143
3616
1346
5639
4572
8365
1337
8379
1252
4285
9941
2785
1068
532
459
6617
7821
7872
4492
703
8690
5159
4356
1897
3164
7188
9052
5363
351
5768
5378
4471
2690
2474
9519
1492
2688
4543
4183
1671
5902
4618
5897
7412
1635
5779
7818
3603
6844
4181
2952
4161
9862
2934
7829
3064
1136
6539
3559
6549
1799
495
4263
9511
9627
6664
59
9659
5312
2892
770
598
1170
1895
8766
5106
7008
5373
1508
5103
977
3237
6393
7984
8126
2652
2023
5874
8049
5357
2999
8136
2891
594
4638
9582
9558
1388
8734
643
5521
1613
4030
5693
7130
1641
7977
4326
446
3381
8220
2145
8879
7139
221
8697
9925
1775
8450
1602
6127
3207
5895
3847
5622
989
2025
5386
5694
8652
216
8781
6846
3122
1102
1480
5466
7269
1048
5557
1626
1435
4725
7614
4933
7733
7
9470
585
6430
6831
3280
7586
7682
7362
4049
3898
9160
4822
9370
8715
8702
8215
4665
5069
3874
6778
6261
3567
6073
9306
2196
991
1663
2248
7689
3660
8864
9863
7429
6431
8933
8133
29
4408
8057
3991
917
4323
9322
7497
8960
2728
7473
5391
8252
5999
1794
5489
9043
745
5684
7562
3940
3610
1649
7790
5910
7501
1061
8769
2601
2882
4685
2863
1218
5060
3224
2473
5552
6935
7294
9444
1643
8634
229
1661
4771
8032
5690
3189
5734
127
2270
8079
5967
1889
8859
4686
3090
6163
5576
8176
7882
137
4520
259
706
3923
826
6329
7934
7058
5054
1553
3994
9467
2143
8999
4766
2346
5701
972
1191
4975
1196
5758
4548
4649
7198
6940
1128
2667
1090
4781
5430
9185
2640
921
6479
4606
2607
3204
1578
5668
7327
8433
3844
3579
9316
7348
6925
7056
6242
323
5490
3091
6019
4202
4582
6279
9127
5498
2340
7432
9494
5042
6756
4826
99
9242
6862
992
1324
2703
1542
4396
3946
6640
4827
347
4524
6306
8818
9656
4505
7380
7758
2230
5293
4736
6643
2335
2001
3001
5117
2700
2510
1160
1699
2327
1092
7437
2265
3236
8446
7574
8889
8862
5805
8815
7121
7183
3415
6103
3270
7785
2977
4783
868
4604
640
1448
1303
710
1084
1299
8182
9036
5971
8579
8296
2678
4796
2103
1557
174
1576
353
8945
2326
8388
1877
22
2988
122
8072
1306
8929
2104
6880
2545
214
7458
630
5102
7110
3251
2190
1910
8808
9285
4451
2774
5830
6758
7949
6849
5679
3811
5904
4671
6286
7550
146
9343
1432
3686
4000
6616
1977
2928
6697
6256
4038
7318
2798
1707
6567
2050
4119
6403
1439
2132
2924
131
9838
3795
7861
3013
4075
4906
7581
5049
320
7370
4917
7980
1919
7635
2430
8649
6269
1778
4209
5775
7514
7547
614
3779
2563
240
8982
3899
8794
9474
7640
8280
1363
8271
6184
3171
4676
139
9587
5770
2793
1379
3298
7903
2336
5362
3007
1548
2762
9991
9980
2958
1917
157
3400
8461
7527
7450
7728
5503
544
694
3023
4078
149
6754
194
6151
8873
3
8785
4720
2940
3405
6996
9668
1560
9528
6283
9768
6167
102
9460
711
8325
7250
590
3227
9314
1319
3628
2273
7407
1206
4777
4865
5921
9884
6821
1870
8346
5627
3695
4359
1118
4205
7257
8197
6894
2714
3642
3929
6434
3749
9968
8309
103
1453
4173
5798
7310
5730
3694
1375
4838
1885
8586
5736
6835
6018
667
648
4922
5649
773
1424
7856
3070
74
4368
9509
5750
3228
1038
4241
9349
3462
8193
9898
1536
8764
2282
7384
5233
2
1089
3624
3599
4036
8121
4253
4277
7922
5027
4774
9517
7011
5585
4291
6050
5099
9916
2334
7231
6053
6404
8000
206
7415
4564
7320
4647
4242
1404
3160
5354
5938
7697
5850
8354
6999
6759
8811
8194
1855
244
2451
5565
2724
1559
3778
5996
7233
4269
6791
1328
6090
3244
8552
3927
2479
1974
9303
2448
4853
1117
8415
1156
6328
9503
1593
376
7651
1605
2414
3558
1149
3190
6716
3493
2726
1733
433
204
4489
7783
5881
6080
8338
6571
7340
4585
4792
1421
4779
8671
1195
8370
5877
9221
1990
7588
9791
6023
9324
1670
1955
6725
829
7860
5017
1731
9541
1552
3606
6949
4502
1339
4535
1830
3878
2792
1887
5645
8965
5355
5473
7736
3083
1351
4116
3080
8849
9798
278
8453
4060
390
5783
7284
7281
3104
558
97
2717
96
3816
4696
2214
4073
9419
6540
3187
1434
5108
1464
4168
5644
7184
1198
8840
1899
7266
6887
8677
806
2393
212
8313
5145
1209
1330
7816
8898
8308
9339
4109
9029
7890
6138
8050
3852
4620
5428
1621
2060
9861
183
8678
4268
4490
7186
6093
3966
363
7531
7667
69
1706
8733
9949
1042
9379
9747
887
1104
824
8378
4413
7459
8219
5296
3690
283
7854
6468
8914
1279
2731
912
1839
4414
4530
4303
228
9028
8565
2732
724
2218
1788
1113
8447
9168
7990
1624
7272
1883
4597
3113
1197
5619
148
3566
2044
1278
8831
3528
5396
9479
9149
9070
3383
813
7565
4004
5772
4756
307
6663
3626
6381
1574
6326
2922
1610
4940
6686
4135
1140
8494
9273
9721
5963
5835
3630
6841
2493
6973
6732
5841
2765
3177
5523
4918
7850
9062
9323
5500
8112
9122
5217
1479
8894
7043
3117
8885
758
6001
5209
6548
844
3359
8680
4096
5012
3698
7774
2491
7891
72
7078
2120
7530
8162
4882
8386
7849
3176
8584
5075
7969
6522
9570
6218
5934
8872
9909
3954
7511
8443
1083
2906
4924
2876
4230
6047
5885
2140
4418
312
6170
7649
764
6780
3818
7416
6484
2529
3765
2006
8730
8186
7724
3900
8419
9662
1539
1011
2946
1829
4761
1316
5839
9014
7620
7242
8745
1820
1481
4739
1594
9344
4600
9351
3836
9272
5165
7626
1738
5844
8404
2410
8582
3602
549
507
9139
6707
4735
2243
5502
4301
2274
4072
2309
9445
8934
6875
5405
1095
6834
9267
425
6178
486
1272
4835
6543
1219
7406
5481
2416
5071
1692
1657
7709
987
5657
4656
9484
5778
1289
4596
1075
9641
1215
3067
9578
6609
7268
683
9236
7402
4217
1630
9465
4457
4526
5985
9212
1818
4294
565
8233
6794
3568
3258
3575
2354
1364
1979
974
3130
6964
889
1039
6473
7687
3479
2283
8455
9581
2484
8211
1838
828
1294
7523
1577
1510
2894
8499
8029
252
8457
6896
8543
3781
218
91
2000
787
2626
2812
3242
9296
8420
4421
7037
2012
2649
6985
8524
3036
6970
779
2350
7938
6462
3288
2770
4193
233
5153
220
7027
7234
2431
7492
7662
2194
5609
2173
1922
4487
119
9521
535
6799
1792
9187
6635
9391
6421
5855
5375
4176
3223
8177
469
2858
3014
3864
393
247
5067
1936
4536
7630
9802
5360
4584
9536
2217
615
8489
6082
6417
7379
1716
8028
1980
5733
5415
8670
2016
7031
8397
3105
5455
6068
6057
6657
2733
7941
6890
3375
2861
8459
9114
2873
8033
8102
2617
5006
5154
6620
546
4240
3448
8092
9526
5630
8624
8398
7986
3302
2616
8257
3755
9573
1360
6150
1247
5044
4923
8830
5021
2639
5759
2613
2031
5096
6868
3868
420
9614
5437
4112
9978
2417
3532
4124
3467
1385
4627
5553
8581
1044
554
5831
1155
4191
1575
7355
9665
1550
3407
2014
1890
1167
8998
7076
5492
9599
6802
2534
6773
2671
6386
6445
704
6395
8631
6048
9301
7252
3538
8137
7940
9772
5597
6201
79
8996
4752
7926
3618
5220
8926
4064
3995
1817
2175
5197
71
610
7833
2878
7698
4150
7099
8917
7813
2846
3438
8094
281
1822
7644
10000
506
682
5127
9437
5542
6009
9246
5978
573
4522
2849
8285
2564
580
6422
8318
290
9901
5549
9485
8310
2800
1913
9433
3194
9282
8784
1438
1398
4586
9405
1186
3992
4974
3303
9602
7537
3482
9836
6469
3115
8125
9010
88
851
1060
1807
8483
7289
2702
6827
9009
2204
3679
5383
8187
8465
1367
3297
555
5738
4575
4318
5747
7426
3963
9767
5321
5834
2531
6293
4617
812
2684
9679
7435
8153
4872
2112
8854
3100
5514
2657
6251
9664
5916
5457
3410
3751
5966
1405
5124
7405
8682
1554
9647
5224
1354
7307
9328
913
8374
45
8507
3754
9287
2608
8178
8471
3257
8839
4581
3665
7580
6382
4551
1477
2809
4994
4406
27
2065
2394
2180
4875
2466
545
8175
4300
4394
6720
1248
1138
2080
7308
2151
568
5425
9860
5087
5190
4298
9380
4615
1320
5339
7325
5278
1074
1965
553
9890
6793
372
7265
7889
1946
8355
8180
3156
9197
3109
2629
5602
9450
8451
3366
6330
6675
3024
5688
7175
9965
6024
6049
475
5462
4297
8772
6371
3815
4322
5317
898
7647
9230
6463
625
5972
2631
8495
627
8479
9531
8078
6693
8053
633
1476
8077
1928
8506
2232
4611
5422
5155
6715
76
2239
4759
9783
4628
7356
501
8841
1077
2980
3402
8207
652
1229
1133
4807
5574
9047
5613
8116
9749
1987
9003
6448
7018
9495
3039
9907
8097
8333
4295
3263
4426
1015
2411
524
9488
8993
882
7509
2086
8418
9164
8635
1796
7795
4634
8589
1409
5254
4841
3761
9854
6811
6353
4082
1743
7009
2109
7839
357
915
4243
7447
6259
7092
2492
8088
5308
526
1461
2382
7424
8348
7214
1861
7858
5964
7717
5387
6105
2019
530
8202
5539
8099
3118
2454
3198
7519
4284
922
5859
9399
1638
1267
9275
6345
6143
6025
2118
886
8304
4688
8901
4130
1000
4913
5554
3020
3101
7254
8621
4973
1978
8085
7700
8323
843
1734
6538
1656
7543
3069
264
6576
5956
2381
7508
8334
3319
6112
4026
112
8115
4683
3003
1982
4402
5231
2264
4877
5094
2261
7707
5218
5157
5318
2521
3865
902
9899
1242
9698
5943
3131
2527
9514
4354
8641
8931
2814
6141
8954
9629
7277
6444
4020
8477
9686
6219
7962
3632
6691
8893
8529
3488
4467
6054
2176
8261
3133
8656
6936
384
8737
4513
762
7622
6611
8192
4895
7754
3655
2439
1842
6680
4632
4934
9048
245
1853
4842
1397
2566
9694
7570
9954
4870
7137
3324
1222
4608
1960
823
3048
3997
3548
5104
5223
7996
8274
1972
5136
5130
6271
2956
1993
3028
5880
8856
8185
7884
6837
8061
9077
5506
1189
5870
7080
1270
8424
2434
2172
6574
8195
7671
597
6911
9741
6595
5959
8612
7410
1088
5302
1525
7350
892
1585
1422
3476
9748
6954
2371
3261
1465
3253
1592
2134
4337
4961
7699
5131
1262
8510
338
7069
4592
6046
9217
272
8685
6321
7253
3005
2480
6525
4167
4192
6922
9406
5792
957
4310
8708
4267
3701
4636
2287
2581
9218
6185
5084
4151
3920
5852
6636
2133
9378
7221
7734
1342
2532
1454
9739
4860
1867
8672
3059
735
678
3840
9920
8761
6510
1937
4166
3978
9315
4498
3174
6229
4344
5480
8412
7478
3662
4480
7208
4805
7466
6507
2544
8084
9153
8500
8952
2503
6943
776
9254
3848
6856
7834
9443
5676
5948
409
7421
9849
2192
5764
2425
8117
1188
2813
3877
4366
1958
1232
607
181
2632
3146
6014
6191
8493
2945
1530
8639
6705
7276
778
457
5929
7551
5052
4673
1667
8259
9252
4559
1333
2525
2541
3594
1043
785
3129
9637
8853
1304
5960
6817
8844
4017
3658
7108
4093
8288
541
1540
1151
9447
6916
414
7879
7670
9671
9710
6034
6063
759
9016
4003
8942
6344
8015
6749
2821
1753
5258
523
1322
4609
7913
869
9621
7681
6384
239
3222
4743
8981
6546
6333
9449
3849
4225
2087
8782
3078
9501
2751
8992
808
6016
8970
5315
7010
1109
904
1459
2380
3250
4722
1455
8359
5192
7029
7552
1819
5671
5307
9019
8356
5989
9793
4731
6708
8005
6040
2771
2108
697
2369
9493
7532
9781
3702
257
7146
9732
4156
5827
5025
6786
4332
8921
2683
1912
2356
9923
9420
9771
2497
5976
980
3903
5438
4184
8822
7332
798
4869
9402
909
2959
9974
5009
5337
1784
2623
730
9279
6988
126
7663
7377
6505
9784
5742
1709
7538
5628
158
8537
5598
6125
4010
144
3017
8508
9223
6491
7217
5449
4534
6843
936
2478
4333
588
9188
3165
5252
9144
3971
8788
7081
4055
1427
6565
6169
9918
1340
2374
128
8190
6557
8166
9255
4160
8780
5821
8796
1736
8076
9376
1256
9496
6796
7014
3656
7267
8511
3032
1759
8381
9623
5672
407
35
415
3186
4902
3299
765
3651
271
3708
7939
7566
1472
8019
3831
90
9834
2205
7605
932
2456
9430
8312
4768
2854
6957
8883
3688
3549
150
2808
2011
2843
5004
3208
8394
2398
8923
8915
943
9869
8688
5983
2889
2869
3458
8095
8237
8113
2057
5463
8276
8269
3924
2357
5125
2349
6554
2966
3745
1580
5918
1474
4754
6883
5424
5969
7109
4324
4288
8520
4379
8069
551
7771
3049
2745
8262
3709
9688
219
8505
5024
8627
2513
871
7809
2720
3541
93
7154
8750
5182
7791
7468
9498
7871
2281
4483
3300
6511
5524
8123
111
1287
2848
4999
9183
5377
2312
7719
2423
8994
2117
297
9689
9313
7960
9561
6354
6412
516
3419
5534
6983
8241
2520
4172
9
1353
5043
243
5126
5566
7867
8263
4419
9338
327
3348
9716
9635
6208
1970
5589
4282
9524
7372
1478
2463
5826
8583
5640
5225
4190
9674
1973
6062
6975
1071
7625
4786
9222
9580
6131
9988
5924
4458
3235
1369
5081
1115
4724
9908
7772
3501
6085
4380
2524
7227
780
1529
2921
2743
4316
84
9789
170
8445
6035
6147
5423
9759
7723
1037
1507
3989
6770
81
1690
7025
1326
6425
9816
1380
6517
40
1173
4113
7309
2249
4117
846
7017
9571
3054
2228
3855
1901
6465
6351
6456
6649
2093
3285
9054
9626
6486
5947
4903
7036
7224
231
4449
3394
6864
8571
8789
9724
4679
1034
4631
782
9618
1514
5637
988
1122
3336
3985
4778
9598
477
6144
9745
9109
3862
6498
7396
31
2305
5777
4517
3114
2971
7893
9750
5599
4097
3316
6927
9871
9429
5333
7553
9878
7072
3325
8474
1971
5005
1436
5207
9075
303
908
256
5244
2130
8199
331
4790
4734
4646
1715
2367
1591
853
830
4347
2738
6710
9442
7363
2035
7539
3170
2289
6193
792
9643
2938
6768
6375
5146
7935
5510
7998
5940
2936
7255
6529
1332
7339
1114
5810
6766
5063
1650
7487
8306
9412
3725
7900
9592
3232
7521
4970
3195
85
7755
592
7330
2654
3256
8905
4885
6744
8392
5724
1567
3614
1872
9701
1475
9092
9572
8266
8487
906
6224
2599
2201
6042
5716
5700
9011
2129
4488
147
2280
8023
7150
9300
3379
5568
4099
1841
3934
2978
9708
2015
9900
9487
4886
7239
9952
3612
4178
4553
1723
528
1524
1713
9181
3384
7469
519
3767
2645
9533
3417
3455
9762
1309
3543
4233
8940
748
854
50
6440
9775
7490
3644
3002
2504
6452
4623
6447
4695
7386
8210
1603
4578
182
7094
5925
9848
4432
313
2096
7148
7793
4244
7278
6877
2665
7613
661
6870
1244
6800
8777
2935
3346
7822
564
2830
6724
5110
6495
3988
1660
8371
3859
3919
4392
3935
5917
2277
1768
5927
5461
7672
5501
5408
7329
6282
790
2429
9334
440
2949
2937
7103
831
8560
5636
4983
6493
1556
1418
8947
2198
1845
2088
2533
223
3387
9631
5093
4486
6840
3401
1821
5550
6623
324
679
7093
3341
4750
7827
2445
2126
4273
2308
1500
2588
5851
1466
9583
1648
8295
4125
3340
9407
3669
2027
1025
5986
1234
8828
222
8813
3445
6459
1988
3735
9850
6312
2850
5014
1997
6891
1948
3750
349
5845
3835
672
7162
5158
6254
6650
2111
4401
3715
8760
4640
8406
7263
1496
9364
8427
5229
9559
1491
5531
784
4095
162
821
6296
5853
140
8101
7777
6461
67
8170
3056
4802
6457
1187
9261
1924
2628
1020
5002
10
6209
110
7288
2542
3175
480
2734
4521
4470
8037
6004
5242
6989
3141
2677
5997
3710
9693
7679
2342
449
2457
4110
4329
3809
5494
9883
2546
2666
4219
2272
955
9655
7311
9103
2539
8129
8352
929
3469
3296
4714
6995
7472
7274
3834
7628
7002
6672
6136
5297
199
6679
2658
7831
8547
570
435
8797
1843
4091
1708
2577
7799
5416
2625
2269
3266
2903
520
6847
1014
3354
3191
1199
7169
5923
1697
5062
6531
951
550
4732
8414
1032
2592
1694
6410
3284
6781
5195
4847
713
5890
8380
2855
8695
739
5175
6058
7095
9600
6545
9585
3787
2742
8131
1555
1727
2522
577
7583
4568
8718
6284
7477
2972
3356
1810
2696
636
5453
5142
963
6689
4528
4855
3675
3535
4809
5482
4762
5796
5264
6556
4550
6589
5544
1094
5655
3026
5926
9177
7331
7302
1371
6777
5995
8491
841
2867
8623
5351
2441
1645
4163
7722
6289
6634
1835
398
1400
6362
4210
8644
919
4742
8400
9927
5563
3687
5586
7678
8
7364
3439
3137
9995
7875
6690
1739
2543
6480
944
7773
5324
1681
6489
2555
9543
5432
5001
5906
9423
6029
2552
6855
7731
7251
3334
7445
5261
1732
6240
6248
5946
8676
2403
9824
8698
4045
3664
5623
8958
7433
3353
3974
6334
10000
1
1
1
1
1
1
1
1
1
1
1
1
1
1
1
1
1
1
1
1
1
1
1
1
1
1
1
1
1
1
1
1
1
1
1
1
1
1
1
1
1
1
1
1
1
1
1
1
1
1
1
1
1
1
1
1
1
1
1
1
1
1
1
1
1
1
1
1
1
1
1
1
1
1
1
1
1
1
1
1
1
1
1
1
1
1
1
1
1
1
1
1
1
1
1
1
1
1
1
1
1
1
1
1
1
1
1
1
1
1
1
1
1
1
1
1
1
1
1
1
1
1
1
1
1
1
1
1
1
1
1
1
1
1
1
1
1
1
1
1
1
1
1
1
1
1
1
1
1
1
1
1
1
1
1
1
1
1
1
1
1
1
1
1
1
1
1
1
1
1
1
1
1
1
1
1
1
1
1
1
1
1
1
1
1
1
1
1
1
1
1
1
1
1
1
1
1
1
1
1
1
1
1
1
1
1
1
1
1
1
1
1
1
1
1
1
1
1
1
1
1
1
1
1
1
1
1
1
1
1
1
1
1
1
1
1
1
1
1
1
1
1
1
1
1
1
1
1
1
1
1
1
1
1
1
1
1
1
1
1
1
1
1
1
1
1
1
1
1
1
1
1
1
1
1
1
1
1
1
1
1
1
1
1
1
1
1
1
1
1
1
1
1
1
1
1
1
1
1
1
1
1
1
1
1
1
1
1
1
1
1
1
1
1
1
1
1
1
1
1
1
1
1
1
1
1
1
1
1
1
1
1
1
1
1
1
1
1
1
1
1
1
1
1
1
1
1
1
1
1
1
1
1
1
1
1
1
1
1
1
1
1
1
1
1
1
1
1
1
1
1
1
1
1
1
1
1
1
1
1
1
1
1
1
1
1
1
1
1
1
1
1
1
1
1
1
1
1
1
1
1
1
1
1
1
1
1
1
1
1
1
1
1
1
1
1
1
1
1
1
1
1
1
1
1
1
1
1
1
1
1
1
1
1
1
1
1
1
1
1
1
1
1
1
1
1
1
1
1
1
1
1
1
1
1
1
1
1
1
1
1
1
1
1
1
1
1
1
1
1
1
1
1
1
1
1
1
1
1
1
1
1
1
1
1
1
1
1
1
1
1
1
1
1
1
1
1
1
1
1
1
1
1
1
1
1
1
1
1
1
1
1
1
1
1
1
1
1
1
1
1
1
1
1
1
1
1
1
1
1
1
1
1
1
1
1
1
1
1
1
1
1
1
1
1
1
1
1
1
1
1
1
1
1
1
1
1
1
1
1
1
1
1
1
1
1
1
1
1
1
1
1
1
1
1
1
1
1
1
1
1
1
1
1
1
1
1
1
1
1
1
1
1
1
1
1
1
1
1
1
1
1
1
1
1
1
1
1
1
1
1
1
1
1
1
1
1
1
1
1
1
1
1
1
1
1
1
1
1
1
1
1
1
1
1
1
1
1
1
1
1
1
1
1
1
1
1
1
1
1
1
1
1
1
1
1
1
1
1
1
1
1
1
1
1
1
1
1
1
1
1
1
1
1
1
1
1
1
1
1
1
1
1
1
1
1
1
1
1
1
1
1
1
1
1
1
1
1
1
1
1
1
1
1
1
1
1
1
1
1
1
1
1
1
1
1
1
1
1
1
1
1
1
1
1
1
1
1
1
1
1
1
1
1
1
1
1
1
1
1
1
1
1
1
1
1
1
1
1
1
1
1
1
1
1
1
1
1
1
1
1
1
1
1
1
1
1
1
1
1
1
1
1
1
1
1
1
1
1
1
1
1
1
1
1
1
1
1
1
1
1
1
1
1
1
1
1
1
1
1
1
1
1
1
1
1
1
1
1
1
1
1
1
1
1
1
1
1
1
1
1
1
1
1
1
1
1
1
1
1
1
1
1
1
1
1
1
1
1
1
1
1
1
1
1
1
1
1
1
1
1
1
1
1
1
1
1
1
1
1
1
1
1
1
1
1
1
1
1
1
1
1
1
1
1
1
1
1
1
1
1
1
1
1
1
1
1
1
1
1
1
1
1
1
1
1
1
1
1
1
1
1
1
1
1
1
1
1
1
1
1
1
1
1
1
1
1
1
1
1
1
1
1
1
1
1
1
1
1
1
1
1
1
1
1
1
1
1
1
1
1
1
1
1
1
1
1
1
1
1
1
1
1
1
1
1
1
1
1
1
1
1
1
1
1
1
1
1
1
1
1
1
1
1
1
1
1
1
1
1
1
1
1
1
1
1
1
1
1
1
1
1
1
1
1
1
1
1
1
1
1
1
1
1
1
1
1
1
1
1
1
1
1
1
1
1
1
1
1
1
1
1
1
1
1
1
1
1
1
1
1
1
1
1
1
1
1
1
1
1
1
1
1
1
1
1
1
1
1
1
1
1
1
1
1
1
1
1
1
1
1
1
1
1
1
1
1
1
1
1
1
1
1
1
1
1
1
1
1
1
1
1
1
1
1
1
1
1
1
1
1
1
1
1
1
1
1
1
1
1
1
1
1
1
1
1
1
1
1
1
1
1
1
1
1
1
1
1
1
1
1
1
1
1
1
1
1
1
1
1
1
1
1
1
1
1
1
1
1
1
1
1
1
1
1
1
1
1
1
1
1
1
1
1
1
1
1
1
1
1
1
1
1
1
1
1
1
1
1
1
1
1
1
1
1
1
1
1
1
1
1
1
1
1
1
1
1
1
1
1
1
1
1
1
1
1
1
1
1
1
1
1
1
1
1
1
1
1
1
1
1
1
1
1
1
1
1
1
1
1
1
1
1
1
1
1
1
1
1
1
1
1
1
1
1
1
1
1
1
1
1
1
1
1
1
1
1
1
1
1
1
1
1
1
1
1
1
1
1
1
1
1
1
1
1
1
1
1
1
1
1
1
1
1
1
1
1
1
1
1
1
1
1
1
1
1
1
1
1
1
1
1
1
1
1
1
1
1
1
1
1
1
1
1
1
1
1
1
1
1
1
1
1
1
1
1
1
1
1
1
1
1
1
1
1
1
1
1
1
1
1
1
1
1
1
1
1
1
1
1
1
1
1
1
1
1
1
1
1
1
1
1
1
1
1
1
1
1
1
1
1
1
1
1
1
1
1
1
1
1
1
1
1
1
1
1
1
1
1
1
1
1
1
1
1
1
1
1
1
1
1
1
1
1
1
1
1
1
1
1
1
1
1
1
1
1
1
1
1
1
1
1
1
1
1
1
1
1
1
1
1
1
1
1
1
1
1
1
1
1
1
1
1
1
1
1
1
1
1
1
1
1
1
1
1
1
1
1
1
1
1
1
1
1
1
1
1
1
1
1
1
1
1
1
1
1
1
1
1
1
1
1
1
1
1
1
1
1
1
1
1
1
1
1
1
1
1
1
1
1
1
1
1
1
1
1
1
1
1
1
1
1
1
1
1
1
1
1
1
1
1
1
1
1
1
1
1
1
1
1
1
1
1
1
1
1
1
1
1
1
1
1
1
1
1
1
1
1
1
1
1
1
1
1
1
1
1
1
1
1
1
1
1
1
1
1
1
1
1
1
1
1
1
1
1
1
1
1
1
1
1
1
1
1
1
1
1
1
1
1
1
1
1
1
1
1
1
1
1
1
1
1
1
1
1
1
1
1
1
1
1
1
1
1
1
1
1
1
1
1
1
1
1
1
1
1
1
1
1
1
1
1
1
1
1
1
1
1
1
1
1
1
1
1
1
1
1
1
1
1
1
1
1
1
1
1
1
1
1
1
1
1
1
1
1
1
1
1
1
1
1
1
1
1
1
1
1
1
1
1
1
1
1
1
1
1
1
1
1
1
1
1
1
1
1
1
1
1
1
1
1
1
1
1
1
1
1
1
1
1
1
1
1
1
1
1
1
1
1
1
1
1
1
1
1
1
1
1
1
1
1
1
1
1
1
1
1
1
1
1
1
1
1
1
1
1
1
1
1
1
1
1
1
1
1
1
1
1
1
1
1
1
1
1
1
1
1
1
1
1
1
1
1
1
1
1
1
1
1
1
1
1
1
1
1
1
1
1
1
1
1
1
1
1
1
1
1
1
1
1
1
1
1
1
1
1
1
1
1
1
1
1
1
1
1
1
1
1
1
1
1
1
1
1
1
1
1
1
1
1
1
1
1
1
1
1
1
1
1
1
1
1
1
1
1
1
1
1
1
1
1
1
1
1
1
1
1
1
1
1
1
1
1
1
1
1
1
1
1
1
1
1
1
1
1
1
1
1
1
1
1
1
1
1
1
1
1
1
1
1
1
1
1
1
1
1
1
1
1
1
1
1
1
1
1
1
1
1
1
1
1
1
1
1
1
1
1
1
1
1
1
1
1
1
1
1
1
1
1
1
1
1
1
1
1
1
1
1
1
1
1
1
1
1
1
1
1
1
1
1
1
1
1
1
1
1
1
1
1
1
1
1
1
1
1
1
1
1
1
1
1
1
1
1
1
1
1
1
1
1
1
1
1
1
1
1
1
1
1
1
1
1
1
1
1
1
1
1
1
1
1
1
1
1
1
1
1
1
1
1
1
1
1
1
1
1
1
1
1
1
1
1
1
1
1
1
1
1
1
1
1
1
1
1
1
1
1
1
1
1
1
1
1
1
1
1
1
1
1
1
1
1
1
1
1
1
1
1
1
1
1
1
1
1
1
1
1
1
1
1
1
1
1
1
1
1
1
1
1
1
1
1
1
1
1
1
1
1
1
1
1
1
1
1
1
1
1
1
1
1
1
1
1
1
1
1
1
1
1
1
1
1
1
1
1
1
1
1
1
1
1
1
1
1
1
1
1
1
1
1
1
1
1
1
1
1
1
1
1
1
1
1
1
1
1
1
1
1
1
1
1
1
1
1
1
1
1
1
1
1
1
1
1
1
1
1
1
1
1
1
1
1
1
1
1
1
1
1
1
1
1
1
1
1
1
1
1
1
1
1
1
1
1
1
1
1
1
1
1
1
1
1
1
1
1
1
1
1
1
1
1
1
1
1
1
1
1
1
1
1
1
1
1
1
1
1
1
1
1
1
1
1
1
1
1
1
1
1
1
1
1
1
1
1
1
1
1
1
1
1
1
1
1
1
1
1
1
1
1
1
1
1
1
1
1
1
1
1
1
1
1
1
1
1
1
1
1
1
1
1
1
1
1
1
1
1
1
1
1
1
1
1
1
1
1
1
1
1
1
1
1
1
1
1
1
1
1
1
1
1
1
1
1
1
1
1
1
1
1
1
1
1
1
1
1
1
1
1
1
1
1
1
1
1
1
1
1
1
1
1
1
1
1
1
1
1
1
1
1
1
1
1
1
1
1
1
1
1
1
1
1
1
1
1
1
1
1
1
1
1
1
1
1
1
1
1
1
1
1
1
1
1
1
1
1
1
1
1
1
1
1
1
1
1
1
1
1
1
1
1
1
1
1
1
1
1
1
1
1
1
1
1
1
1
1
1
1
1
1
1
1
1
1
1
1
1
1
1
1
1
1
1
1
1
1
1
1
1
1
1
1
1
1
1
1
1
1
1
1
1
1
1
1
1
1
1
1
1
1
1
1
1
1
1
1
1
1
1
1
1
1
1
1
1
1
1
1
1
1
1
1
1
1
1
1
1
1
1
1
1
1
1
1
1
1
1
1
1
1
1
1
1
1
1
1
1
1
1
1
1
1
1
1
1
1
1
1
1
1
1
1
1
1
1
1
1
1
1
1
1
1
1
1
1
1
1
1
1
1
1
1
1
1
1
1
1
1
1
1
1
1
1
1
1
1
1
1
1
1
1
1
1
1
1
1
1
1
1
1
1
1
1
1
1
1
1
1
1
1
1
1
1
1
1
1
1
1
1
1
1
1
1
1
1
1
1
1
1
1
1
1
1
1
1
1
1
1
1
1
1
1
1
1
1
1
1
1
1
1
1
1
1
1
1
1
1
1
1
1
1
1
1
1
1
1
1
1
1
1
1
1
1
1
1
1
1
1
1
1
1
1
1
1
1
1
1
1
1
1
1
1
1
1
1
1
1
1
1
1
1
1
1
1
1
1
1
1
1
1
1
1
1
1
1
1
1
1
1
1
1
1
1
1
1
1
1
1
1
1
1
1
1
1
1
1
1
1
1
1
1
1
1
1
1
1
1
1
1
1
1
1
1
1
1
1
1
1
1
1
1
1
1
1
1
1
1
1
1
1
1
1
1
1
1
1
1
1
1
1
1
1
1
1
1
1
1
1
1
1
1
1
1
1
1
1
1
1
1
1
1
1
1
1
1
1
1
1
1
1
1
1
1
1
1
1
1
1
1
1
1
1
1
1
1
1
1
1
1
1
1
1
1
1
1
1
1
1
1
1
1
1
1
1
1
1
1
1
1
1
1
1
1
1
1
1
1
1
1
1
1
1
1
1
1
1
1
1
1
1
1
1
1
1
1
1
1
1
1
1
1
1
1
1
1
1
1
1
1
1
1
1
1
1
1
1
1
1
1
1
1
1
1
1
1
1
1
1
1
1
1
1
1
1
1
1
1
1
1
1
1
1
1
1
1
1
1
1
1
1
1
1
1
1
1
1
1
1
1
1
1
1
1
1
1
1
1
1
1
1
1
1
1
1
1
1
1
1
1
1
1
1
1
1
1
1
1
1
1
1
1
1
1
1
1
1
1
1
1
1
1
1
1
1
1
1
1
1
1
1
1
1
1
1
1
1
1
1
1
1
1
1
1
1
1
1
1
1
1
1
1
1
1
1
1
1
1
1
1
1
1
1
1
1
1
1
1
1
1
1
1
1
1
1
1
1
1
1
1
1
1
1
1
1
1
1
1
1
1
1
1
1
1
1
1
1
1
1
1
1
1
1
1
1
1
1
1
1
1
1
1
1
1
1
1
1
1
1
1
1
1
1
1
1
1
1
1
1
1
1
1
1
1
1
1
1
1
1
1
1
1
1
1
1
1
1
1
1
1
1
1
1
1
1
1
1
1
1
1
1
1
1
1
1
1
1
1
1
1
1
1
1
1
1
1
1
1
1
1
1
1
1
1
1
1
1
1
1
1
1
1
1
1
1
1
1
1
1
1
1
1
1
1
1
1
1
1
1
1
1
1
1
1
1
1
1
1
1
1
1
1
1
1
1
1
1
1
1
1
1
1
1
1
1
1
1
1
1
1
1
1
1
1
1
1
1
1
1
1
1
1
1
1
1
1
1
1
1
1
1
1
1
1
1
1
1
1
1
1
1
1
1
1
1
1
1
1
1
1
1
1
1
1
1
1
1
1
1
1
1
1
1
1
1
1
1
1
1
1
1
1
1
1
1
1
1
1
1
1
1
1
1
1
1
1
1
1
1
1
1
1
1
1
1
1
1
1
1
1
1
1
1
1
1
1
1
1
1
1
1
1
1
1
1
1
1
1
1
1
1
1
1
1
1
1
1
1
1
1
1
1
1
1
1
1
1
1
1
1
1
1
1
1
1
1
1
1
1
1
1
1
1
1
1
1
1
1
1
1
1
1
1
1
1
1
1
1
1
1
1
1
1
1
1
1
1
1
1
1
1
1
1
1
1
1
1
1
1
1
1
1
1
1
1
1
1
1
1
1
1
1
1
1
1
1
1
1
1
1
1
1
1
1
1
1
1
1
1
1
1
1
1
1
1
1
1
1
1
1
1
1
1
1
1
1
1
1
1
1
1
1
1
1
1
1
1
1
1
1
1
1
1
1
1
1
1
1
1
1
1
1
1
1
1
1
1
1
1
1
1
1
1
1
1
1
1
1
1
1
1
1
1
1
1
1
1
1
1
1
1
1
1
1
1
1
1
1
1
1
1
1
1
1
1
1
1
1
1
1
1
1
1
1
1
1
1
1
1
1
1
1
1
1
1
1
1
1
1
1
1
1
1
1
1
1
1
1
1
1
1
1
1
1
1
1
1
1
1
1
1
1
1
1
1
1
1
1
1
1
1
1
1
1
1
1
1
1
1
1
1
1
1
1
1
1
1
1
1
1
1
1
1
1
1
1
1
1
1
1
1
1
1
1
1
1
1
1
1
1
1
1
1
1
1
1
1
1
1
1
1
1
1
1
1
1
1
1
1
1
1
1
1
1
1
1
1
1
1
1
1
1
1
1
1
1
1
1
1
1
1
1
1
1
1
1
1
1
1
1
1
1
1
1
1
1
1
1
1
1
1
1
1
1
1
1
1
1
1
1
1
1
1
1
1
1
1
1
1
1
1
1
1
1
1
1
1
1
1
1
1
1
1
1
1
1
1
1
1
1
1
1
1
1
1
1
1
1
1
1
1
1
1
1
1
1
1
1
1
1
1
1
1
1
1
1
1
1
1
1
1
1
1
1
1
1
1
1
1
1
1
1
1
1
1
1
1
1
1
1
1
1
1
1
1
1
1
1
1
1
1
1
1
1
1
1
1
1
1
1
1
1
1
1
1
1
1
1
1
1
1
1
1
1
1
1
1
1
1
1
1
1
1
1
1
1
1
1
1
1
1
1
1
1
1
1
1
1
1
1
1
1
1
1
1
1
1
1
1
1
1
1
1
1
1
1
1
1
1
1
1
1
1
1
1
1
1
1
1
1
1
1
1
1
1
1
1
1
1
1
1
1
1
1
1
1
1
1
1
1
1
1
1
1
1
1
1
1
1
1
1
1
1
1
1
1
1
1
1
1
1
1
1
1
1
1
1
1
1
1
1
1
1
1
1
1
1
1
1
1
1
1
1
1
1
1
1
1
1
1
1
1
1
1
1
1
1
1
1
1
1
1
1
1
1
1
1
1
1
1
1
1
1
1
1
1
1
1
1
1
1
1
1
1
1
1
1
1
1
1
1
1
1
1
1
1
1
1
1
1
1
1
1
1
1
1
1
1
1
1
1
1
1
1
1
1
1
1
1
1
1
1
1
1
1
1
1
1
1
1
1
1
1
1
1
1
1
1
1
1
1
1
1
1
1
1
1
1
1
1
1
1
1
1
1
1
1
1
1
1
1
1
1
1
1
1
1
1
1
1
1
1
1
1
1
1
1
1
1
1
1
1
1
1
1
1
1
1
1
1
1
1
1
1
1
1
1
1
1
1
1
1
1
1
1
1
1
1
1
1
1
1
1
1
1
1
1
1
1
1
1
1
1
1
1
1
1
1
1
1
1
1
1
1
1
1
1
1
1
1
1
1
1
1
1
1
1
1
1
1
1
1
1
1
1
1
1
1
1
1
1
1
1
1
1
1
1
1
1
1
1
1
1
1
1
1
1
1
1
1
1
1
1
1
1
1
1
1
1
1
1
1
1
1
1
1
1
1
1
1
1
1
1
1
1
1
1
1
1
1
1
1
1
1
1
1
1
1
1
1
1
1
1
1
1
1
1
1
1
1
1
1
1
1
1
1
1
1
1
1
1
1
1
1
1
1
1
1
1
1
1
1
1
1
1
1
1
1
1
1
1
1
1
1
1
1
1
1
1
1
1
1
1
1
1
1
1
1
1
1
1
1
1
1
1
1
1
1
1
1
1
1
1
1
1
1
1
1
1
1
1
1
1
1
1
1
1
1
1
1
1
1
1
1
1
1
1
1
1
1
1
1
1
1
1
1
1
1
1
1
1
1
1
1
1
1
1
1
1
1
1
1
1
1
1
1
1
1
1
1
1
1
1
1
1
1
1
1
1
1
1
1
1
1
1
1
1
1
1
1
1
1
1
1
1
1
1
1
1
1
1
1
1
1
1
1
1
1
1
1
1
1
1
1
1
1
1
1
1
1
1
1
1
1
1
1
1
1
1
1
1
1
1
1
1
1
1
1
1
1
1
1
1
1
1
1
1
1
1
1
1
1
1
1
1
1
1
1
1
1
1
1
1
1
1
1
1
1
1
1
1
1
1
1
1
1
1
1
1
1
1
1
1
1
1
1
1
1
1
1
1
1
1
1
1
1
1
1
1
1
1
1
1
1
1
1
1
1
1
1
1
1
1
1
1
1
1
1
1
1
1
1
1
1
1
1
1
1
1
1
1
1
1
1
1
1
1
1
1
1
1
1
1
1
1
1
1
1
1
1
1
1
1
1
1
1
1
1
1
1
1
1
1
1
1
1
1
1
1
1
1
1
1
1
1
1
1
1
1
1
1
1
1
1
1
1
1
1
1
1
1
1
1
1
1
1
1
1
1
1
1
1
1
1
1
1
1
1
1
1
1
1
1
1
1
1
1
1
1
1
1
1
1
1
1
1
1
1
1
1
1
1
1
1
1
1
1
1
1
1
1
1
1
1
1
1
1
1
1
1
1
1
1
1
1
1
1
1
1
1
1
1
1
1
1
1
1
1
1
1
1
1
1
1
1
1
1
1
1
1
1
1
1
1
1
1
1
1
1
1
1
1
1
1
1
1
1
1
1
1
1
1
1
1
1
1
1
1
1
1
1
1
1
1
1
1
1
1
1
1
1
1
1
1
1
1
1
1
1
1
1
1
1
1
1
1
1
1
1
1
1
1
1
1
1
1
1
1
1
1
1
1
1
1
1
1
1
1
1
1
1
1
1
1
1
1
1
1
1
1
1
1
1
1
1
1
1
1
1
1
1
1
1
1
1
1
1
1
1
1
1
1
1
1
1
1
1
1
1
1
1
1
1
1
1
1
1
1
1
1
1
1
1
1
1
1
1
1
1
1
1
1
1
1
1
1
1
1
1
1
1
1
1
1
1
1
1
1
1
1
1
1
1
1
1
1
1
1
1
1
1
1
1
1
1
1
1
1
1
1
1
1
1
1
1
1
1
1
1
1
1
1
1
1
1
1
1
1
1
1
1
1
1
1
1
1
1
1
1
1
1
1
1
1
1
1
1
1
1
1
1
1
1
1
1
1
1
1
1
1
1
1
1
1
1
1
1
1
1
1
1
1
1
1
1
1
1
1
1
1
1
1
1
1
1
1
1
1
1
1
1
1
1
1
1
1
1
1
1
1
1
1
1
1
1
1
1
1
1
1
1
1
1
1
1
1
1
1
1
1
1
1
1
1
1
1
1
1
1
1
1
1
1
1
1
1
1
1
1
1
1
1
1
1
1
1
1
1
1
1
1
1
1
1
1
1
1
1
1
1
1
1
1
1
1
1
1
1
1
1
1
1
1
1
1
1
1
1
1
1
1
1
1
1
1
1
1
1
1
1
1
1
1
1
1
1
1
1
1
1
1
1
1
1
1
1
1
1
1
1
1
1
1
1
1
1
1
1
1
1
1
1
1
1
1
1
1
1
1
1
1
1
1
1
1
1
1
1
1
1
1
1
1
1
1
1
1
1
1
1
1
1
1
1
1
1
1
1
1
1
1
1
1
1
1
1
1
1
1
1
1
1
1
1
1
1
1
1
1
1
1
1
1
1
1
1
1
1
1
1
1
1
1
1
1
1
1
1
1
1
1
1
1
1
1
1
1
1
1
1
1
1
1
1
1
1
1
1
1
1
1
1
1
1
1
1
1
1
1
1
1
1
1
1
1
1
1
1
1
1
1
1
1
1
1
1
1
1
1
1
1
1
1
1
1
1
1
1
1
1
1
1
1
1
1
1
1
1
1
1
1
1
1
1
1
1
1
1
1
1
1
1
1
1
1
1
1
1
1
1
1
1
1
1
1
1
1
1
1
1
1
1
1
1
1
1
1
1
1
1
1
1
1
1
1
1
1
1
1
1
1
1
1
1
1
1
1
1
1
1
1
1
1
1
1
1
1
1
1
1
1
1
1
1
1
1
1
1
1
1
1
1
1
1
1
1
1
1
1
1
1
1
1
1
1
1
1
1
1
1
1
1
1
1
1
1
1
1
1
1
1
1
1
1
1
1
1
1
1
1
1
1
1
1
1
1
1
1
1
1
1
1
1
1
1
1
1
1
1
1
1
1
1
1
1
1
1
1
1
1
1
1
1
1
1
1
1
1
1
1
1
1
1
1
1
1
1
1
1
1
1
1
1
1
1
1
1
1
1
1
1
1
1
1
1
1
1
1
1
1
1
1
1
1
1
1
1
1
1
1
1
1
1
1
1
1
1
1
1
1
1
1
1
1
1
1
1
1
1
1
1
1
1
1
1
1
1
1
1
1
1
1
1
1
1
1
1
1
1
1
1
1
1
1
1
1
1
1
1
1
1
1
1
1
1
1
1
1
1
1
1
1
1
1
1
1
1
1
1
1
1
1
1
1
1
1
1
1
1
1
1
1
1
1
1
1
1
1
1
1
1
1
1
1
1
1
1
1
1
1
1
1
1
1
1
1
1
1
1
1
1
1
1
1
1
1
1
1
1
1
1
1
1
1
1
1
1
1
1
1
1
1
1
1
1
1
1
1
1
1
1
1
1
1
1
1
1
1
1
1
1
1
1
1
1
1
1
1
1
1
1
1
1
1
1
1
1
1
1
1
1
1
1
1
1
1
1
1
1
1
1
1
1
1
1
1
1
1
1
1
1
1
1
1
1
1
1
1
1
1
1
1
1
1
1
1
1
1
1
1
1
1
1
1
1
1
1
1
1
1
1
1
1
1
1
1
1
1
1
1
1
1
1
1
1
1
1
1
1
1
1
1
1
1
1
1
1
1
1
1
1
1
1
1
1
1
1
1
1
1
1
1
1
1
1
1
1
1
1
1
1
1
1
1
1
1
1
1
1
1
1
1
1
1
1
1
1
1
1
1
1
1
1
1
1
1
1
1
1
1
1
1
1
1
1
1
1
1
1
1
1
1
1
1
1
1
1
1
1
1
1
1
1
1
1
1
1
1
1
1
1
1
1
1
1
1
1
1
1
1
1
1
1
1
1
1
1
1
1
1
1
1
1
1
1
1
1
1
1
1
1
1
1
1
1
1
1
1
1
1
1
1
1
1
1
1
1
1
1
1
1
1
1
1
1
1
1
1
1
1
1
1
1
1
1
1
1
1
1
1
1
1
1
1
1
1
1
1
1
1
1
1
1
1
1
1
1
1
1
1
1
1
1
1
1
1
1
1
1
1
1
1
1
1
1
1
1
1
1
1
1
1
1
1
1
1
1
1
1
1
1
1
1
1
1
1
1
1
1
1
1
1
1
1
1
1
1
1
1
1
1
1
1
1
1
1
1
1
1
1
1
1
1
1
1
1
1
1
1
1
1
1
1
1
1
1
1
1
1
1
1
1
1
1
1
1
1
1
1
1
1
1
1
1
1
1
1
1
1
1
1
1
1
1
1
1
1
1
1
1
1
1
1
1
1
1
1
1
1
1
1
1
1
1
1
1
1
1
1
1
1
1
1
1
1
1
1
1
1
1
1
1
1
1
1
1
1
1
1
1
1
1
1
1
1
1
1
1
1
1
1
1
1
1
1
1
1
1
1
1
1
1
1
1
1
1
1
1
1
1
1
1
1
1
1
1
1
1
1
1
1
1
1
1
1
1
1
1
1
1
1
1
1
1
1
1
1
1
1
1
1
1
1
1
1
1
1
1
1
1
1
1
1
1
1
1
1
1
1
1
1
1
1
1
1
1
1
1
1
1
1
1
1
1
1
1
1
1
1
1
1
1
1
1
1
1
1
1
1
1
1
1
1
1
1
1
1
1
1
1
1
1
1
1
1
1
1
1
1
1
1
1
1
1
1
1
1
1
1
1
1
1
1
1
1
1
1
1
1
1
1
1
1
1
1
1
1
1
1
1
1
1
1
1
1
1
1
1
1
1
1
1
1
1
1
1
1
1
1
1
1
1
1
1
1
1
1
1
1
1
1
1
1
1
1
1
1
1
1
1
1
1
1
1
1
1
1
1
1
1
1
1
1
1
1
1
1
1
1
1
1
1
1
1
1
1
1
1
1
1
1
1
1
1
1
1
1
1
1
1
1
1
1
1
1
1
1
1
1
1
1
1
1
1
1
1
1
1
1
1
1
1
1
1
1
1
1
1
1
1
1
1
1
1
1
1
1
1
1
1
1
1
1
1
1
1
1
1
1
1
1
1
1
1
1
1
1
1
1
1
1
1
1
1
1
1
1
1
1
1
1
1
1
1
1
1
1
1
1
1
1
1
1
1
1
1
1
1
1
1
1
1
1
1
1
1
1
1
1
1
1
1
1
1
1
1
1
1
1
1
1
1
1
1
1
1
1
1
1
1
1
1
1
1
1
1
1
1
1
1
1
1
1
1
1
1
1
1
1
1
1
1
1
1
1
1
1
1
1
1
1
1
1
1
1
1
1
1
1
1
1
1
1
1
1
1
1
1
1
1
1
1
1
1
1
1
1
1
1
1
1
1
1
1
1
1
1
1
1
1
1
1
1
1
1
1
1
1
1
1
1
1
1
1
1
1
1
1
1
1
1
1
1
1
1
1
1
1
1
1
1
1
1
1
1
1
1
1
1
1
1
1
1
1
1
1
1
1
1
1
1
1
1
1
1
1
1
1
1
1
1
1
1
1
1
1
1
1
1
1
1
1
1
1
1
1
1
1
1
1
1
1
1
1
1
1
1
1
1
1
1
1
1
1
1
1
1
1
1
1
1
1
1
1
1
1
1
1
1
1
1
1
1
1
1
1
1
1
1
1
1
1
1
1
1
1
1
1
1
1
1
1
1
1
1
1
1
1
1
1
1
1
1
1
1
1
1
1
1
1
1
1
1
1
1
1
1
1
1
1
1
1
1
1
1
1
1
1
1
1
1
1
1
1
1
1
1
1
1
1
1
1
1
1
1
1
1
1
1
1
1
1
1
1
1
1
1
1
1
1
1
1
1
1
1
1
1
1
1
1
1
1
1
1
1
1
1
1
1
1
1
1
1
1
1
1
1
1
1
1
1
1
1
1
1
1
1
1
1
1
1
1
1
1
1
1
1
1
1
1
1
1
1
1
1
1
1
1
1
1
1
1
1
1
1
1
1
1
1
1
1
1
1
1
1
1
1
1
1
1
1
1
1
1
1
1
1
1
1
1
1
1
1
1
1
1
1
1
1
1
1
1
1
1
1
1
1
1
1
1
1
1
1
1
1
1
1
1
1
1
1
1
1
1
1
1
1
1
1
1
1
1
1
1
1
1
1
1
1
1
1
1
1
1
1
1
1
1
1
1
1
1
1
1
1
1
1
1
1
1
1
1
1
1
1
1
1
1
1
1
1
1
1
1
1
1
1
1
1
1
1
1
1
1
1
1
1
1
1
1
1
1
1
1
1
1
1
1
1
1
1
1
1
1
1
1
1
1
1
1
1
1
1
1
1
1
1
1
1
1
1
1
1
1
1
1
1
1
1
1
1
1
1
1
1
1
1
1
1
1
1
1
1
1
1
1
1
1
1
1
1
1
1
1
1
1
1
1
1
1
1
1
1
1
1
1
1
1
1
1
1
1
1
1
1
1
1
1
1
1
1
1
1
1
1
1
1
1
1
1
1
1
1
1
1
1
1
1
1
1
1
1
1
1
1
1
1
1
1
1
1
1
1
1
1
1
1
1
1
1
1
1
1
1
1
1
1
1
1
1
1
1
1
1
1
1
1
1
1
1
1
1
1
1
1
1
1
1
1
1
1
1
1
1
1
1
1
1
1
1
1
1
1
1
1
1
1
1
1
1
1
1
1
1
1
1
1
1
1
1
1
1
1
1
1
1
1
1
1
1
1
1
1
1
1
1
1
1
1
1
1
1
1
1
1
1
1
1
1
1
1
1
1
1
1
1
1
1
1
1
1
1
1
1
1
1
1
1
1
1
1
1
1
1
1
1
1
1
1
1
1
1
1
1
1
1
1
1
1
1
1
1
1
1
1
1
1
1
1
1
1
1
1
1
1
1
1
1
1
1
1
1
1
1
1
1
1
1
1
1
1
1
1
1
1
1
1
1
1
1
1
1
1
1
1
1
1
1
1
1
1
1
1
1
1
1
1
1
1
1
1
1
1
1
1
1
1
1
1
1
1
1
1
1
1
1
1
1
1
1
1
1
1
1
1
1
1
1
1
1
1
1
1
1
1
1
1
1
1
1
1
1
1
1
1
1
1
1
1
1
1
1
1
1
1
1
1
1
1
1
1
1
1
1
1
1
1
1
1
1
1
1
1
1
1
1
1
1
1
1
1
1
1
1
1
1
1
1
1
1
1
1
1
1
1
1
1
1
1
1
1
1
1
1
1
1
1
1
1
1
1
1
1
1
1
1
1
1
1
1
1
1
1
1
1
1
1
1
1
1
1
1
1
1
1
1
1
1
1
1
1
1
1
1
1
1
1
1
1
1
1
1
1
1
1
1
1
1
1
1
1
1
1
1
1
1
1
1
1
1
1
1
1
1
1
1
1
1
1
1
1
1
1
1
1
1
1
1
1
1
1
1
1
1
1
1
1
1
1
1
1
1
1
1
1
1
1
1
1
1
1
1
1
1
1
1
1
1
1
1
1
1
1
1
1
1
1
1
1
1
1
1
1
1
1
1
1
1
1
1
1
1
1
1
1
1
1
1
1
1
1
1
1
1
1
1
1
1
1
1
1
1
1
1
1
1
1
1
1
1
1
1
1
1
1
1
1
1
1
1
1
1
1
1
1
1
1
1
1
1
1
1
1
1
1
1
1
1
1
1
1
1
1
1
1
1
1
1
1
1
1
1
1
1
1
1
1
1
1
1
1
1
1
1
1
1
1
1
1
1
1
1
1
1
1
1
1
1
1
1
1
1
1
1
1
1
1
1
1
1
1
1
1
1
1
1
1
1
1
1
1
1
1
1
1
1
1
1
1
1
1
1
1
1
1
1
1
1
1
1
1
1
1
1
1
1
1
1
1
1
1
1
1
1
1
1
1
1
1
1
1
1
1
1
1
1
1
1
1
1
1
1
1
1
1
1
1
1
1
1
1
1
1
1
1
1
1
1
1
1
1
1
1
1
1
1
1
1
1
1
1
1
1
1
1
1
1
1
1
1
1
1
1
1
1
1
1
1
1
1
1
1
1
1
1
1
1
1
1
1
1
1
1
1
1
1
1
1
1
1
1
1
1
1
1
1
1
1
1
1
1
1
1
1
1
1
1
1
1
1
1
1
1
1
1
1
1
1
1
1
1
1
1
1
1
1
1
1
1
1
1
1
1
1
1
1
1
1
1
1
1
1
1
1
1
1
1
1
1
1
1
1
1
1
1
1
1
1
1
1
1
1
1
1
1
1
1
1
1
1
1
1
1
1
1
1
1
1
1
1
1
1
1
1
1
1
1
1
1
1
1
1
1
1
1
1
1
1
1
1
1
1
1
1
1
1
1
1
1
1
1
1
1
1
1
1
1
1
1
1
1
1
1
1
1
1
1
1
1
1
1
1
1
1
1
1
1
1
1
1
1
1
1
1
1
1
1
1
1
1
1
1
1
1
1
1
1
1
1
1
1
1
1
1
1
1
1
1
1
1
1
1
1
1
1
1
1
1
1
1
1
1
1
1
1
1
1
1
1
1
1
1
1
1
1
1
1
1
1
1
1
1
1
1
1
1
1
1
1
1
1
1
1
1
1
1
1
1
1
1
1
1
1
1
1
1
1
1
1
1
1
1
1
1
1
1
1
1
1
1
1
1
1
1
1
1
1
1
1
1
1
1
1
1
1
1
1
1
1
1
1
1
1
1
1
1
1
1
1
1
1
1
1
1
1
1
1
1
1
1
1
1
1
1
1
1
1
1
1
1
1
1
1
1
1
1
1
1
1
1
1
1
1
1
1
1
1
1
1
1
1
1
1
1
1
1
1
1
1
1
1
1
1
1
1
1
1
1
1
1
1
1
1
1
1
1
1
1
1
1
1
1
1
1
1
1
1
1
1
1
1
1
1
1
1
1
1
1
1
1
1
1
1
1
1
1
1
1
1
1
1
1
1
1
1
1
1
1
1
1
1
1
1
1
1
1
1
1
1
1
1
1
1
1
1
1
1
1
1
1
1
1
1
1
1
1
1
1
1
1
1
1
1
1
1
1
1
1
1
1
1
1
1
1
1
1
1
1
1
1
1
1
1
1
1
1
1
1
1
1
1
1
1
1
1
1
1
1
1
1
1
1
1
1
1
1
1
1
1
1
1
1
1
1
1
1
1
1
1
1
1
1
1
1
1
1
1
1
1
1
1
1
1
1
1
1
1
1
1
1
1
1
1
1
1
1
1
1
1
1
1
1
1
1
1
1
1
1
1
1
1
1
1
1
1
1
1
1
1
1
1
1
1
1
1
1
1
1
1
1
1
1
1
1
1
1
1
1
1
1
1
1
1
1
1
1
1
1
1
1
1
1
1
1
1
1
1
1
1
1
1
1
1
1
1
1
1
1
1
1
1
1
1
1
1
1
1
1
1
1
1
1
1
1
1
1
1
1
1
1
1
1
1
1
1
1
1
1
1
1
1
1
1
1
1
1
1
1
1
1
1
1
1
1
1
1
1
1
1
1
1
1
1
1
1
1
1
1
1
1
1
1
1
1
1
1
1
1
1
1
1
1
1
1
1
1
1
1
1
1
1
1
1
1
1
1
1
1
1
1
1
1
1
1
1
1
1
1
1
1
1
1
1
1
1
1
1
1
1
1
1
1
1
1
1
1
1
1
1
1
1
1
1
1
1
1
1
1
1
1
1
1
1
1
1
1
1
1
1
1
1
1
1
1
1
1
1
1
1
1
1
1
1
1
1
1
1
1
1
1
1
1
1
1
1
1
1
1
1
1
1
1
1
1
1
1
1
1
1
1
1
1
1
1
1
1
1
1
1
1
1
1
1
1
1
1
1
1
1
1
1
1
1
1
1
1
1
1
1
1
1
1
1
1
1
1
1
1
1
1
1
1
1
1
1
1
1
1
1
1
1
1
1
1
1
1
1
1
1
1
1
1
1
1
1
1
1
1
1
1
1
1
1
1
1
1
1
1
1
1
1
1
1
1
1
1
1
1
1
1
1
1
1
1
1
1
1
1
1
1
1
1
1
1
1
1
1
1
1
1
1
1
1
1
1
1
1
1
1
1
1
1
1
1
1
1
1
1
1
1
1
1
1
1
1
1
1
1
1
1
1
1
1
1
1
1
1
1
1
1
1
1
1
1
1
1
1
1
1
1
1
1
1
1
1
1
1
1
1
1
1
1
1
1
1
1
1
1
1
1
1
1
1
1
1
1
1
1
1
1
1
1
1
1
1
1
1
1
1
1
1
1
1
1
1
1
1
1
1
1
1
1
1
1
1
1
1
1
1
1
1
1
1
1
1
1
1
1
1
1
1
1
1
1
1
1
1
1
1
1
1
1
1
1
1
1
1
1
1
1
1
1
1
1
1
1
1
1
1
1
1
1
1
1
1
1
1
1
1
1
1
1
1
1
1
1
1
1
1
1
1
1
1
1
1
1
1
1
1
1
1
1
1
1
1
1
1
1
1
1
1
1
1
1
1
1
1
1
1
1
1
1
1
1
1
1
1
1
1
1
1
1
1
1
1
1
1
1
1
1
1
1
1
1
1
1
1
1
1
1
1
1
1
1
1
1
1
1
1
1
1
1
1
1
1
1
1
1
1
1
1
1
1
1
1
1
1
1
1
1
1
1
1
1
1
1
1
1
1
1
1
1
1
1
1
1
1
1
1
1
1
1
1
1
1
1
1
1
1
1
1
1
1
1
1
1
1
1
1
1
1
1
1
1
1
1
1
1
1
1
1
1
1
1
1
1
1
1
1
1
1
1
1
1
1
1
1
1
1
1
1
1
1
1
1
1
1
1
1
1
1
1
1
1
1
1
1
1
1
1
1
1
1
1
1
1
1
1
1
1
1
1
1
1
1
1
1
1
1
1
1
1
1
1
1
1
1
1
1
1
1
1
1
1
1
1
1
1
1
1
1
1
1
1
1
1
1
1
1
1
1
1
1
1
1
1
1
1
1
1
1
1
1
1
1
1
1
1
1
1
1
1
1
1
1
1
1
1
1
1
1
1
1
1
1
1
1
1
1
1
1
1
1
1
1
1
1
1
1
1
1
1
1
1
1
1
1
1
1
1
1
1
1
1
1
1
1
1
1
1
1
1
1
1
1
1
1
1
1
1
1
1
1
1
1
1
1
1
1
1
1
1
1
1
1
1
1
1
1
1
1
1
1
1
1
1
1
1
1
1
1
1
1
1
1
1
1
1
1
1
1
1
1
1
1
1
1
1
1
1
1
1
1
1
1
1
1
1
1
1
1
1
1
1
1
1
1
1
1
1
1
1
1
1
1
1
1
1
1
1
1
1
1
1
1
1
1
1
1
1
1
1
1
1
1
1
1
1
1
1
1
1
1
1
1
1
1
1
1
1
1
1
1
1
1
1
1
1
1
1
1
1
1
1
1
1
1
1
1
1
1
1
1
1
1
1
1
1
1
1
1
1
1
1
1
1
1
1
1
1
1
1
1
1
1
1
1
1
1
1
1
1
1
1
1
1
1
1
1
1
1
1
1
1
1
1
1
1
1
1
1
1
1
1
1
1
1
1
1
1
1
1
1
1
1
1
1
1
1
1
1
1
1
1
1
1
1
1
1
1
1
1
1
1
1
1
1
1
1
1
1
1
1
1
1
1
1
1
1
1
1
1
1
1
1
1
1
1
1
1
1
1
1
1
1
1
1
1
1
1
1
1
1
1
1
1
1
1
1
1
1
1
1
1
1
1
1
1
1
1
1
1
1
1
1
1
1
1
1
1
1
1
1
1
1
1
1
1
1
1
1
1
1
1
1
1
1
1
1
1
1
1
1
1
1
1
1
1
1
1
1
1
1
1
1
1
1
1
1
1
1
1
1
1
1
1
1
1
1
1
1
1
1
1
1
1
1
1
1
1
1
1
1
1
1
1
1
1
1
1
1
1
1
1
1
1
1
1
1
1
1
1
1
1
1
1
1
1
1
1
1
1
1
1
1
1
1
1
1
1
1
1
1
1
1
1
1
1
1
1
1
1
1
1
1
1
1
1
1
1
1
1
1
1
1
1
1
1
1
1
1
1
1
1
1
1
1
1
1
1
1
1
1
1
1
1
1
1
1
1
1
1
1
1
1
1
1
1
1
1
1
1
1
1
1
1
1
1
1
1
1
1
1
1
1
1
1
1
1
1
1
1
1
1
1
1
1
1
1
1
1
1
1
1
1
1
1
1
1
1
1
1
1
1
1
1
1
1
1
1
1
1
1
1
1
1
1
1
1
1
1
1
1
1
1
1
1
1
1
1
1
1
1
1
1
1
1
1
1
1
1
1
1
1
1
1
1
1
1
1
1
1
1
1
1
1
1
1
1
1
1
1
1
1
1
1
1
1
1
1
1
1
1
1
1
1
1
1
1
1
1
1
1
1
1
1
1
1
1
1
1
1
1
1
1
1
1
1
1
1
1
1
1
1
1
1
1
1
1
1
1
1
1
1
1
1
1
1
1
1
1
1
1
1
1
1
1
1
1
1
1
1
1
1
1
1
1
1
1
1
1
1
1
1
1
1
1
1
1
1
1
1
1
1
1
1
1
1
1
1
1
1
1
1
1
1
1
1
1
1
1
1
1
1
1
1
1
1
1
1
1
1
1
1
1
1
1
1
1
1
1
1
1
1
1
1
1
1
1
1
1
1
1
1
1
1
1
1
1
1
1
1
1
1
1
1
1
1
1
1
1
1
1
1
1
1
1
1
1
1
1
1
1
1
1
1
1
1
1
1
1
1
1
1
1
1
1
1
1
1
1
1
1
1
1
1
1
1
1
1
1
1
1
1
1
1
1
1
1
1
1
1
1
1
1
1
1
1
1
1
1
1
1
1
1
1
1
1
1
1
1
1
1
1
1
1
1
1
1
1
1
1
1
1
1
1
1
1
1
1
1
1
1
1
1
1
1
1
1
1
1
1
1
1
1
1
1
1
1
1
1
1
1
1
1
1
1
1
1
1
1
1
1
1
1
1
1
1
1
1
1
1
1
1
1
1
1
1
1
1
1
1
1
1
1
1
1
1
1
1
1
1
1
1
1
1
1
1
1
1
1
1
1
1
1
1
1
1
1
1
1
1
1
1
1
1
1
1
1
1
1
1
1
1
1
1
1
1
1
1
1
1
1
1
1
1
1
1
1
1
1
1
1
1
1
1
1
1
1
1
1
1
1
1
1
1
1
1
1
1
1
1
1
1
1
1
1
1
1
1
1
1
1
1
1
1
1
1
1
1
1
1
1
1
1
1
1
1
1
1
1
1
1
1
1
1
1
1
1
1
1
1
1
1
1
1
1
1
1
1
1
1
1
1
1
1
1
1
1
1
1
1
1
1
1
1
1
1
1
1
1
1
1
1
1
1
1
1
1
1
1
1
1
1
1
1
1
1
1
1
1
1
1
1
1
1
1
1
1
1
1
1
1
1
1
1
1
1
1
1
1
1
1
1
1
1
1
1
1
1
1
1
1
1
1
1
1
1
1
1
1
1
1
1
1
1
1
1
1
1
1
1
1
1
1
1
1
1
1
1
1
1
1
1
1
1
1
1
1
1
1
1
1
1
1
1
1
1
1
1
1
1
1
1
1
1
1
1
1
1
1
1
1
1
1
1
1
1
1
1
1
1
1
1
1
1
1
1
1
1
1
1
1
1
1
1
1
1
1
1
1
1
1
1
1
1
1
1
1
1
1
1
1
1
1
1
1
1
1
1
1
1
